Cost:3920.0
12
0 196 123 62 102 126 103 57 154 187 84 0 
12
0 43 128 119 161 70 66 116 166 18 63 0 
12
0 35 42 120 130 150 182 155 108 14 146 0 
12
0 61 105 138 133 113 12 88 118 97 21 0 
12
0 73 26 20 152 64 1 50 98 52 53 0 
12
0 194 8 136 83 180 157 156 190 82 141 0 
12
0 23 147 175 36 198 145 192 13 41 22 0 
12
0 81 89 67 140 31 91 111 16 151 75 0 
12
0 125 164 58 5 19 188 184 137 160 163 0 
12
0 33 122 4 169 173 167 179 48 171 117 0 
12
0 45 178 85 11 28 193 131 9 200 95 0 
12
0 69 186 135 149 79 49 74 142 17 114 0 
12
0 115 107 139 78 92 27 59 40 93 189 0 
12
0 3 94 76 6 96 34 86 32 112 72 0 
12
0 39 80 25 68 159 44 129 127 60 132 0 
12
0 104 87 100 37 38 170 55 177 148 153 0 
12
0 191 101 106 47 10 29 181 183 24 172 0 
12
0 54 144 51 176 30 158 110 143 121 99 0 
12
0 124 15 195 71 174 134 90 56 7 199 0 
12
0 46 109 162 77 65 197 168 165 185 2 0 
Time: 0.021008968353271484