Cost:3500.0
12
0 601 451 215 461 688 198 445 345 175 14 0 
8
0 298 483 339 26 59 521 0 
12
0 21 662 458 290 309 141 161 397 350 267 0 
11
0 275 401 583 57 116 649 155 502 214 0 
19
0 154 196 331 295 293 518 487 166 670 70 504 354 283 231 211 393 681 0 
8
0 383 597 499 410 569 434 0 
9
0 338 578 439 596 80 288 344 0 
10
0 505 566 216 87 669 382 450 104 0 
14
0 51 317 555 179 540 691 19 506 106 464 462 425 0 
13
0 153 130 308 280 332 456 463 419 226 63 673 0 
8
0 342 608 534 321 666 272 0 
11
0 494 399 421 146 576 652 75 112 375 0 
17
0 40 671 600 523 207 35 181 176 554 156 693 380 682 476 579 0 
12
0 493 60 323 319 441 67 219 542 453 471 0 
10
0 533 511 204 148 470 16 687 459 0 
16
0 664 532 326 245 229 129 25 348 301 565 250 30 193 77 0 
11
0 262 677 700 498 575 630 648 256 13 0 
10
0 530 313 41 612 24 188 438 64 0 
8
0 233 220 563 99 543 618 0 
11
0 134 42 420 605 89 472 588 71 528 0 
13
0 139 561 29 74 32 297 607 53 252 357 455 0 
13
0 572 324 162 474 674 123 180 140 285 255 559 0 
12
0 617 28 429 251 263 623 327 325 169 668 0 
14
0 9 269 422 212 49 512 697 22 538 686 368 360 0 
9
0 519 136 447 457 414 531 603 0 
13
0 492 514 241 373 616 466 163 584 558 160 527 0 
13
0 571 593 349 665 633 152 448 567 158 406 8 0 
10
0 234 50 343 138 69 101 549 364 0 
10
0 311 347 213 296 249 78 387 316 0 
14
0 369 656 84 300 86 378 454 446 205 117 660 639 0 
8
0 545 105 1 609 613 544 0 
15
0 626 270 73 88 426 556 651 358 621 195 644 284 291 0 
12
0 48 265 637 699 114 3 402 391 403 44 0 
12
0 103 221 620 17 282 10 529 122 225 353 0 
12
0 2 501 489 137 379 304 185 366 217 279 0 
9
0 237 315 417 475 66 362 82 0 
16
0 165 629 131 312 115 287 286 329 299 310 320 647 242 107 0 
14
0 443 292 468 679 547 189 168 305 65 495 330 276 0 
10
0 404 658 359 243 190 635 589 182 0 
12
0 281 517 678 398 202 480 484 435 259 186 0 
11
0 4 143 46 261 111 452 206 412 694 0 
13
0 258 370 167 610 552 218 54 541 690 431 409 0 
15
0 341 586 667 191 151 118 92 68 411 598 611 672 34 0 
13
0 490 132 577 615 636 47 604 407 85 133 94 0 
12
0 650 395 396 473 602 149 246 200 642 654 0 
9
0 187 394 386 659 465 15 39 0 
15
0 314 424 580 553 374 333 675 449 254 100 45 201 557 0 
15
0 478 389 91 83 208 632 174 638 36 526 96 227 595 0 
11
0 641 570 102 340 520 232 223 76 546 0 
9
0 61 12 240 467 390 551 645 0 
17
0 135 126 676 496 247 98 627 120 485 683 199 415 537 423 52 0 
12
0 142 515 680 513 482 497 127 400 268 585 0 
9
0 147 430 95 548 428 337 5 0 
10
0 248 210 110 171 306 416 352 614 0 
15
0 264 266 33 192 594 7 27 56 436 108 377 228 550 0 
10
0 698 433 222 525 481 653 244 197 0 
11
0 440 271 392 183 346 509 432 479 178 0 
10
0 695 303 177 294 371 582 355 257 0 
13
0 20 488 692 625 144 444 93 418 657 209 150 0 
12
0 236 536 289 696 587 274 11 684 581 164 0 
9
0 335 599 260 606 145 367 372 0 
17
0 356 203 62 619 336 351 109 385 413 55 564 97 253 18 194 0 
14
0 408 663 405 524 173 646 361 516 591 437 121 388 0 
13
0 560 365 469 31 643 427 539 230 113 128 157 0 
12
0 628 43 238 307 568 90 224 510 184 460 0 
14
0 661 491 318 507 334 124 277 6 302 634 239 278 0 
11
0 37 384 590 172 376 38 170 477 322 0 
12
0 273 442 573 640 508 562 81 159 622 119 0 
13
0 655 685 574 689 23 72 522 486 624 631 381 0 
12
0 125 235 500 79 592 328 503 363 535 58 0 
Time: 0.24915122985839844