Objective: 9770
Time: 114.55179190635681
70
12
0 579 70 504 488 351 607 422 315 573 411 0
11
0 466 58 654 90 228 524 232 59 459 0
13
0 588 537 240 157 492 78 416 559 268 358 352 0
12
0 140 700 113 602 224 80 449 502 43 107 0
14
0 149 195 485 193 494 648 442 73 643 609 347 329 0
12
0 516 377 369 597 172 117 325 33 645 555 0
10
0 425 390 490 391 397 692 243 236 0
15
0 134 673 12 339 290 19 194 548 75 495 57 407 36 0
17
0 656 187 401 628 586 67 242 349 60 610 394 17 684 477 29 0
13
0 454 62 328 434 308 512 278 560 233 345 234 0
15
0 86 116 208 445 22 606 219 271 501 399 257 311 97 0
12
0 55 590 440 303 63 619 124 189 151 313 0
5
0 69 65 5 0
13
0 621 40 166 145 614 471 214 517 410 667 49 0
14
0 626 685 281 563 491 642 650 522 436 428 275 184 0
9
0 101 125 139 173 221 310 478 0
15
0 98 154 443 51 177 545 675 160 373 200 41 108 118 0
11
0 276 137 15 506 658 691 346 529 360 0
3
0 657 0
6
0 150 666 699 680 0
18
0 342 24 37 53 482 209 72 235 574 138 296 316 483 105 182 566 0
18
0 396 538 259 418 334 111 509 206 402 32 465 623 403 220 622 539 0
18
0 196 600 216 389 248 250 479 448 247 536 430 338 481 435 142 366 0
4
0 533 292 0
8
0 458 662 298 513 469 299 0
19
0 663 420 528 207 398 598 452 188 584 39 31 695 462 344 464 690 340 0
16
0 71 510 569 11 498 503 693 682 288 264 383 603 26 203 0
15
0 162 348 190 333 688 14 484 229 427 581 674 270 269 0
11
0 261 132 605 681 474 599 280 375 34 0
12
0 198 669 549 565 181 659 362 558 210 156 0
12
0 256 327 698 170 127 120 81 50 263 178 0
15
0 561 279 171 686 649 61 135 294 463 159 633 382 312 0
5
0 585 616 521 0
14
0 265 93 46 567 201 553 615 460 27 136 180 314 0
11
0 696 88 453 44 364 197 48 646 500 0
13
0 641 372 508 587 336 580 570 112 368 592 123 0
6
0 591 676 661 647 0
18
0 255 534 562 632 260 320 526 212 655 23 106 169 215 571 400 546 0
11
0 665 414 636 287 556 318 130 540 309 0
16
0 277 252 353 225 542 301 302 267 601 541 461 511 326 365 0
14
0 109 651 218 582 438 272 355 100 424 677 431 262 0
16
0 550 331 451 18 176 153 213 519 370 350 380 114 577 457 0
18
0 307 412 381 85 9 273 456 211 487 423 241 119 155 437 514 319 0
14
0 505 152 554 361 89 678 126 244 289 202 231 129 0
11
0 163 45 356 583 230 246 168 245 594 0
9
0 421 544 634 671 664 385 179 0
2
0 0
3
0 635 0
11
0 54 652 515 359 133 238 433 689 613 0
16
0 38 332 527 518 530 2 660 223 295 335 564 547 624 630 0
12
0 429 82 237 146 164 638 496 595 282 28 0
16
0 470 175 468 1 285 95 305 131 249 406 204 83 568 393 0
8
0 300 476 185 392 322 473 0
10
0 376 79 354 593 395 94 357 419 0
5
0 321 115 617 0
19
0 239 16 66 306 317 415 523 161 543 6 694 174 413 92 441 226 77 0
17
0 467 618 408 35 293 378 8 535 199 627 640 525 84 76 576 0
16
0 604 341 147 480 683 343 128 47 653 532 374 148 205 183 0
10
0 68 102 144 99 670 141 323 631 0
11
0 446 444 122 417 552 687 56 472 371 0
7
0 447 578 186 629 96 0
6
0 337 608 52 557 0
17
0 405 217 251 25 165 167 4 450 227 409 387 639 475 499 286 0
10
0 489 612 110 258 304 572 87 74 0
14
0 455 3 103 611 192 253 222 531 158 254 284 668 0
14
0 121 625 330 637 283 363 42 367 64 384 30 679 0
9
0 589 426 439 10 388 551 274 0
15
0 497 104 620 672 297 386 21 191 143 596 13 291 404 0
3
0 507 0
15
0 432 91 493 644 20 575 324 520 7 486 379 697 266 0
