Objective: 10690
Time: 154.18645310401917
90
2
0 0
5
0 480 824 389 0
6
0 156 565 383 882 0
9
0 198 848 420 128 481 623 2 0
12
0 394 729 548 121 736 851 339 737 649 111 0
8
0 832 393 243 343 714 17 0
6
0 539 662 673 38 0
11
0 596 369 475 716 344 868 236 591 534 0
12
0 299 748 304 169 789 221 680 741 310 448 0
11
0 366 738 491 710 715 355 826 685 5 0
12
0 726 722 219 773 735 360 678 104 580 19 0
17
0 8 395 112 644 424 264 163 359 328 197 432 811 247 658 340 0
14
0 321 507 467 341 365 96 172 880 220 313 97 338 0
16
0 167 284 426 578 173 815 81 257 372 550 564 492 261 116 0
9
0 830 26 434 794 294 450 850 0
18
0 571 582 223 742 613 33 55 66 692 289 160 899 50 86 56 283 0
15
0 611 79 118 336 624 802 555 806 397 723 689 837 209 0
19
0 648 171 470 547 566 520 454 763 229 858 585 239 497 528 776 278 92 0
14
0 506 110 640 827 103 670 814 246 476 259 458 430 0
16
0 272 73 688 335 168 382 883 126 216 396 88 502 288 804 0
18
0 391 58 626 330 774 142 573 136 28 677 349 777 386 493 523 751 0
3
0 540 0
2
0 0
14
0 505 610 122 85 831 866 417 472 143 844 378 45 0
17
0 305 408 681 205 217 478 668 204 727 711 380 709 270 659 608 0
8
0 684 292 105 227 704 165 0
6
0 690 872 549 153 0
15
0 795 412 857 695 793 713 282 494 756 836 852 9 900 0
19
0 516 241 212 155 113 620 82 740 595 244 100 758 813 651 669 78 615 0
3
0 543 0
19
0 44 779 887 436 606 567 425 683 525 724 70 11 7 891 537 135 108 0
7
0 865 768 280 517 541 0
17
0 875 501 519 619 332 354 422 707 749 40 553 833 460 574 744 0
6
0 682 524 390 254 0
6
0 54 896 183 405 0
3
0 296 0
17
0 509 157 162 152 645 864 196 881 732 468 129 598 275 12 263 0
6
0 845 358 159 158 0
12
0 34 192 415 98 696 655 115 214 291 510 0
15
0 545 546 37 319 708 57 810 760 841 199 3 125 91 0
13
0 665 41 479 437 182 293 46 234 694 138 617 0
18
0 32 614 618 676 21 829 447 68 446 720 309 94 352 796 503 788 0
13
0 237 457 706 188 589 632 342 584 641 392 286 0
15
0 269 816 486 798 604 521 381 469 514 287 413 701 878 0
12
0 62 745 416 889 238 130 133 860 819 718 0
17
0 809 512 807 456 404 39 452 879 463 643 820 693 285 843 746 0
5
0 24 731 834 0
4
0 211 400 0
16
0 326 743 325 894 428 439 69 245 249 496 15 141 364 25 0
15
0 630 556 51 775 362 654 518 370 132 627 703 224 329 0
20
0 379 770 451 515 557 333 208 240 52 863 235 884 511 765 174 835 781 560 0
13
0 375 867 821 35 874 754 202 80 616 522 398 0
17
0 303 719 609 838 175 750 274 251 140 575 603 154 440 785 348 0
13
0 771 675 628 31 435 53 193 818 672 780 95 0
10
0 255 418 443 890 266 652 101 605 0
2
0 0
13
0 233 552 888 544 134 258 414 464 769 315 107 0
19
0 49 262 361 371 137 791 256 633 593 647 225 853 667 817 265 147 602 0
9
0 705 207 462 607 76 766 823 0
9
0 898 482 203 10 150 281 753 0
8
0 87 277 892 74 295 764 0
20
0 242 131 178 679 427 895 762 409 594 508 190 124 790 563 195 842 634 666 0
12
0 27 331 298 43 210 877 870 542 530 859 0
13
0 164 23 102 327 368 721 664 568 577 438 799 0
18
0 638 47 861 120 83 631 581 16 106 449 646 622 876 839 297 642 0
9
0 184 356 218 374 48 699 661 0
15
0 466 273 558 334 367 554 410 730 601 14 483 783 674 0
15
0 191 487 786 787 308 384 686 317 636 387 337 421 639 0
18
0 586 119 671 248 526 377 222 772 187 663 316 536 445 385 629 635 0
12
0 846 36 200 177 179 734 253 60 42 728 0
15
0 75 346 529 84 822 312 590 388 592 562 612 252 314 0
23
0 849 828 621 30 579 782 455 401 442 213 885 64 587 176 471 419 65 267 805 363 201 0
7
0 712 702 825 67 345 0
5
0 513 99 725 0
17
0 300 747 71 4 89 697 306 268 185 357 588 873 444 323 561 0
10
0 90 1 840 411 322 181 801 637 0
6
0 215 485 559 597 0
22
0 800 656 886 570 500 347 186 353 490 459 733 752 759 230 431 429 599 433 161 600 0
10
0 538 488 767 351 473 302 194 527 0
9
0 72 532 406 77 855 576 739 0
15
0 127 148 320 399 226 276 311 206 250 812 854 698 151 0
13
0 862 403 778 290 653 569 498 869 461 144 109 0
8
0 531 189 18 376 808 453 0
3
0 232 0
12
0 761 139 59 149 474 307 318 871 803 180 0
8
0 324 551 847 279 402 572 0
18
0 484 495 717 63 691 6 784 114 797 166 61 145 117 535 373 228 0
7
0 441 897 301 93 533 0
16
0 407 499 170 465 893 231 13 123 22 477 650 271 755 625 0
18
0 660 20 856 350 29 489 687 583 792 700 260 423 504 146 757 657 0
