Objective: 7660
Time: 8.593037128448486
20
9
0 53 198 6 116 40 148 141 0
12
0 71 200 69 11 103 82 115 2 180 127 0
12
0 7 165 126 154 23 54 139 60 177 182 0
12
0 142 67 171 62 189 192 45 107 170 179 0
10
0 31 90 133 81 96 183 61 164 0
13
0 159 121 77 111 89 43 188 80 184 51 124 0
15
0 32 48 41 117 132 113 91 29 24 131 68 66 197 0
11
0 125 35 191 174 86 172 101 34 83 0
12
0 149 104 143 169 135 145 166 163 99 151 0
13
0 105 92 193 168 156 79 20 173 52 199 57 0
9
0 114 4 108 112 5 30 25 0
12
0 94 161 22 109 134 9 12 146 47 120 0
12
0 158 72 55 122 123 137 196 16 194 42 0
13
0 37 38 106 44 118 3 15 64 178 13 187 0
15
0 36 160 8 87 155 153 176 97 181 78 21 63 102 0
18
0 100 157 56 162 33 119 144 70 75 138 147 150 185 59 18 129 0
12
0 26 195 95 98 140 14 167 175 130 93 0
10
0 58 128 17 74 46 84 190 49 0
14
0 28 152 19 27 186 39 136 10 50 85 88 110 0
6
0 1 76 73 65 0
