Objective: 8610
Time: 50.04306149482727
50
2
0 0
9
0 408 273 137 220 366 311 29 0
10
0 173 395 248 421 171 245 10 462 0
22
0 129 222 446 260 471 153 100 84 99 371 378 394 199 229 198 200 33 347 244 148 0
12
0 288 5 85 468 209 259 437 339 303 321 0
7
0 47 130 488 320 36 0
12
0 127 92 427 387 19 162 158 480 111 326 0
10
0 482 78 134 241 455 43 184 282 0
4
0 478 271 0
16
0 389 422 350 380 211 424 62 74 304 479 132 63 332 116 0
18
0 174 310 346 57 190 54 118 367 362 309 457 239 151 192 20 177 0
13
0 51 464 325 155 71 327 403 80 12 131 299 0
15
0 297 114 463 430 232 208 445 52 386 486 354 32 399 0
14
0 276 206 102 411 266 223 472 167 46 53 133 26 0
11
0 87 261 280 481 448 473 25 2 360 0
9
0 218 318 315 166 256 470 485 0
11
0 454 39 263 195 178 451 467 23 322 0
13
0 292 86 217 489 388 226 246 172 447 319 42 0
16
0 298 377 160 305 67 154 250 294 361 406 433 60 225 121 0
9
0 474 109 302 308 164 3 64 0
10
0 24 110 442 188 138 35 187 324 0
17
0 272 70 17 235 128 11 409 414 341 335 27 56 353 243 95 0
10
0 191 9 255 144 370 458 465 205 0
10
0 203 159 334 141 72 265 107 149 0
12
0 450 8 477 115 419 77 65 435 281 412 0
15
0 466 441 365 40 425 383 415 286 434 402 428 500 145 0
8
0 202 83 374 224 323 487 0
10
0 1 181 227 251 295 234 215 443 0
10
0 418 275 283 300 316 357 161 498 0
7
0 396 7 59 382 183 0
16
0 355 123 274 405 150 343 296 375 328 18 6 48 98 4 0
14
0 444 314 88 312 499 423 34 15 61 392 228 81 0
9
0 407 182 210 105 483 368 342 0
17
0 289 75 432 268 284 369 460 476 372 73 169 96 186 352 233 0
13
0 278 104 329 13 66 113 213 290 21 240 381 0
12
0 231 254 168 420 106 207 30 279 426 142 0
7
0 491 453 379 410 416 0
7
0 492 344 363 117 55 0
10
0 398 45 249 257 493 269 136 397 0
12
0 267 28 385 201 49 50 230 143 31 197 0
16
0 101 185 38 196 291 401 135 180 58 336 431 449 400 356 0
12
0 237 330 456 340 258 351 16 490 376 440 0
16
0 494 277 69 147 126 364 146 252 264 475 193 179 429 216 0
9
0 112 90 393 338 68 125 358 0
11
0 120 348 89 157 307 359 484 163 41 0
15
0 469 285 384 390 452 242 82 417 247 461 170 301 165 0
17
0 438 221 103 306 189 119 287 91 495 345 293 333 122 270 176 0
15
0 175 79 44 439 108 97 22 140 253 391 337 139 373 0
16
0 76 194 236 93 212 496 124 204 436 331 238 156 413 313 0
14
0 14 94 497 262 214 219 317 404 459 37 349 152 0
