Objective: 8690
Time: 32.05239200592041
40
5
0 171 229 187 0
16
0 83 391 325 145 385 129 354 144 59 147 68 31 252 255 0
11
0 384 352 19 276 277 279 249 340 138 0
13
0 118 21 70 304 263 46 328 44 91 185 214 0
6
0 396 30 321 310 0
17
0 140 14 82 141 135 76 297 164 41 323 96 126 125 226 315 0
14
0 228 311 291 238 254 343 266 45 307 351 347 278 0
17
0 397 216 119 167 42 366 61 163 372 337 233 7 368 257 222 0
7
0 348 302 110 338 260 0
6
0 182 375 149 341 0
9
0 188 236 231 169 286 197 78 0
16
0 165 81 142 105 107 75 79 316 344 4 133 393 293 360 0
11
0 380 355 124 178 280 98 66 172 150 0
11
0 273 200 156 103 317 56 87 281 71 0
12
0 9 57 8 388 267 12 322 202 217 122 0
13
0 283 387 151 389 295 10 221 192 48 198 11 0
13
0 27 26 256 382 69 157 329 64 65 143 88 0
8
0 74 262 330 358 274 159 0
4
0 309 80 0
11
0 364 326 106 363 353 369 92 50 39 0
13
0 160 246 109 367 121 247 339 132 271 199 361 0
12
0 394 376 173 111 275 377 55 2 139 196 0
8
0 227 86 77 312 225 162 0
7
0 299 240 176 5 134 0
14
0 38 359 53 60 206 235 17 180 155 320 24 301 0
14
0 333 378 362 356 390 67 313 232 346 49 284 349 0
11
0 148 104 15 6 37 245 345 308 13 0
13
0 204 22 184 72 282 120 207 371 223 63 95 0
18
0 137 127 189 331 335 357 58 94 365 152 285 265 123 296 243 374 0
2
0 0
14
0 117 166 34 115 327 193 16 259 114 248 23 146 0
19
0 224 190 28 205 288 219 332 52 287 154 93 84 175 18 108 85 3 0
16
0 191 261 43 170 168 289 290 158 319 251 220 292 373 383 0
12
0 112 29 234 25 36 33 212 181 100 209 0
15
0 131 239 269 153 183 201 203 379 253 20 62 342 179 0
16
0 395 258 381 174 177 99 303 306 392 305 314 250 399 242 0
17
0 89 237 40 161 116 1 334 264 128 130 400 324 272 318 370 0
12
0 218 215 51 294 186 73 398 213 244 210 0
15
0 241 102 386 54 268 32 208 211 230 35 47 194 97 0
12
0 270 90 298 300 113 350 336 101 195 136 0
