Objective: 12610
Time: 7.830225229263306
10
16
0 34 108 94 13 176 174 64 57 148 171 91 118 66 111 0
20
0 89 196 35 199 49 109 39 19 96 50 107 110 81 134 145 33 169 186 0
23
0 124 54 63 182 4 73 22 113 59 62 37 80 97 168 25 95 7 61 77 135 29 0
24
0 122 32 100 157 159 20 3 194 38 55 187 5 180 137 195 188 160 158 173 146 154 144 0
23
0 9 147 142 58 11 79 166 190 67 10 69 164 83 161 40 189 76 86 151 101 15 0
18
0 41 119 42 2 45 68 8 26 85 93 197 87 183 138 117 65 0
22
0 136 18 28 31 121 123 200 130 103 141 102 52 143 139 156 105 149 127 46 112 0
27
0 53 6 99 114 90 84 78 21 47 43 125 193 60 74 120 192 30 71 131 177 165 153 82 27 152 0
27
0 191 181 88 140 116 129 12 133 172 106 104 92 98 175 44 56 150 179 185 75 70 184 132 128 48 0
20
0 16 155 51 24 162 170 36 23 198 126 14 115 167 178 163 17 72 1 0
