Objective: 10940
Time: 321.5864155292511
100
12
0 86 993 22 588 785 564 258 286 992 292 0
10
0 849 879 198 439 433 445 723 819 0
9
0 173 788 781 748 219 615 85 0
19
0 867 488 649 447 466 250 618 231 609 354 155 276 554 978 269 160 623 0
8
0 398 970 890 374 815 380 0
21
0 931 454 221 683 244 926 727 594 843 185 725 571 134 215 152 874 495 899 875 0
22
0 493 420 918 604 188 619 26 254 608 477 940 953 224 481 264 72 444 916 528 778 0
21
0 854 451 576 734 300 715 309 961 822 322 89 580 140 783 128 400 821 138 958 0
16
0 560 627 662 271 105 975 362 489 512 895 917 971 624 641 0
5
0 559 951 764 0
11
0 762 830 568 336 697 174 159 339 590 0
3
0 347 0
18
0 387 17 484 43 664 599 440 616 202 802 803 496 82 536 423 878 0
5
0 567 792 663 0
11
0 763 70 774 450 39 36 943 367 582 0
13
0 29 151 340 882 869 467 119 770 252 289 658 0
20
0 557 501 680 939 746 930 872 3 345 841 908 253 449 613 222 187 498 666 0
13
0 191 108 833 767 270 534 48 176 914 871 482 0
6
0 620 69 537 67 0
15
0 95 669 83 573 824 248 435 228 81 755 866 453 773 0
16
0 817 337 417 220 430 549 625 260 720 983 353 827 730 655 0
15
0 834 984 335 786 726 539 578 305 142 21 798 844 294 0
2
0 0
13
0 884 888 291 801 912 955 169 986 375 541 304 0
16
0 243 508 685 644 77 995 946 216 368 670 236 546 78 913 0
13
0 716 779 312 143 38 733 696 313 636 428 448 0
7
0 929 829 579 724 510 0
13
0 860 46 442 278 485 45 832 240 455 687 777 0
4
0 709 370 0
9
0 145 732 754 1000 101 601 329 0
4
0 925 102 0
17
0 366 98 183 407 348 100 622 131 399 751 749 389 547 698 56 0
13
0 302 12 461 887 835 256 8 556 193 2 87 0
9
0 471 600 175 272 690 757 585 0
9
0 34 922 201 434 883 910 268 0
16
0 626 262 535 586 422 828 503 999 947 381 731 989 954 1 0
14
0 544 756 207 540 814 772 218 654 208 782 759 285 0
16
0 987 386 932 363 948 115 425 650 320 665 991 462 504 863 0
11
0 419 805 429 190 721 934 109 141 900 0
17
0 711 705 529 284 394 74 607 427 163 527 413 478 343 277 210 0
8
0 6 667 123 823 865 581 0
8
0 37 214 385 994 55 232 0
6
0 574 610 695 750 0
18
0 793 927 377 668 31 297 436 275 334 7 522 973 909 507 851 44 0
18
0 671 157 238 65 617 742 769 965 321 318 517 521 473 808 162 907 0
5
0 139 497 614 0
11
0 410 376 794 40 344 686 712 290 713 0
7
0 738 242 32 251 885 0
12
0 950 583 280 18 985 515 523 474 379 647 0
12
0 468 642 831 79 350 356 538 565 293 229 0
16
0 758 64 414 323 856 524 653 358 71 704 575 990 596 27 0
20
0 53 431 274 645 812 150 361 533 963 979 371 897 761 870 195 646 19 487 0
22
0 50 359 853 739 915 648 306 736 562 621 959 864 403 530 165 997 84 902 476 935 0
9
0 149 688 701 881 406 689 58 0
5
0 919 859 402 0
6
0 212 148 889 974 0
18
0 298 678 308 241 418 924 63 261 988 631 717 182 977 404 372 506 0
9
0 784 249 316 146 518 894 338 0
6
0 112 303 392 166 0
12
0 569 479 172 677 463 93 570 676 892 209 0
16
0 637 369 577 706 452 553 710 660 42 88 652 28 852 722 0
3
0 790 0
13
0 516 383 235 409 729 659 873 768 144 341 96 0
10
0 836 457 10 301 941 632 850 421 0
19
0 572 412 156 837 186 807 956 125 91 59 679 967 933 310 446 438 545 0
7
0 796 94 33 708 942 0
12
0 674 903 342 563 327 566 384 937 405 120 0
14
0 740 470 858 234 968 330 223 257 9 561 938 273 0
15
0 464 898 558 23 114 825 324 818 602 840 816 154 809 0
5
0 267 118 121 0
5
0 945 124 555 0
17
0 355 500 766 480 415 976 24 213 694 526 90 263 904 441 982 0
8
0 76 804 179 126 416 233 0
3
0 707 0
21
0 848 158 97 511 780 80 460 311 319 702 127 542 401 66 133 603 15 719 598 0
20
0 735 62 634 137 593 896 469 299 640 514 47 519 944 682 164 437 226 168 0
10
0 456 703 752 745 799 531 199 776 0
8
0 189 611 972 382 661 282 0
6
0 765 921 592 960 0
9
0 795 211 20 52 396 643 826 0
13
0 391 810 980 744 30 475 225 775 259 747 806 0
16
0 699 178 397 328 104 964 351 839 891 693 360 116 266 378 0
7
0 247 465 877 672 181 0
2
0 0
17
0 25 295 905 265 552 333 239 317 525 605 718 117 499 923 75 0
12
0 107 393 630 204 73 51 811 357 424 170 0
18
0 349 628 35 205 332 373 635 41 217 103 443 314 180 966 862 106 0
13
0 194 981 638 68 331 411 800 315 548 54 390 0
3
0 584 0
14
0 700 893 928 861 494 13 513 130 502 868 206 426 0
14
0 230 532 459 388 589 296 237 886 4 901 595 969 0
10
0 675 14 458 184 673 196 612 692 0
17
0 408 281 906 110 543 876 132 99 651 57 789 325 606 771 998 0
20
0 847 167 791 5 245 760 129 743 753 136 838 135 509 911 591 255 656 952 0
15
0 246 842 203 147 857 813 597 283 505 550 287 491 486 0
17
0 639 352 520 111 472 587 153 113 633 737 681 171 629 657 691 0
17
0 161 92 820 490 483 684 346 949 492 957 714 192 364 797 920 0
13
0 741 227 288 177 49 787 845 307 551 279 880 0
13
0 846 936 962 197 11 16 728 122 200 395 326 0
8
0 855 365 61 432 996 60 0
