Objective: 7080
Time: 1258.8268003463745
50
13
0 443 352 164 169 320 236 478 62 486 80 147 0
9
0 184 233 491 182 342 221 367 0
15
0 132 408 412 220 23 149 138 222 391 7 460 370 16 0
10
0 124 65 134 191 107 280 88 303 0
12
0 397 497 101 98 156 379 17 432 94 333 0
11
0 150 256 106 250 261 148 197 388 393 0
11
0 377 479 423 193 452 287 57 217 240 0
14
0 292 33 453 68 493 488 90 72 337 145 176 297 0
14
0 357 63 142 55 224 11 480 312 170 66 146 371 0
11
0 175 192 362 405 461 67 126 14 494 0
12
0 323 339 455 263 158 380 29 12 87 173 0
13
0 446 257 42 281 277 417 258 359 385 326 293 0
15
0 227 473 383 243 202 490 278 235 305 324 365 51 56 0
14
0 34 43 413 462 181 3 416 211 97 117 84 260 0
15
0 313 99 125 19 6 360 434 180 36 54 213 37 433 0
14
0 205 451 244 52 291 328 200 382 301 310 329 50 0
11
0 407 135 61 20 140 327 308 424 123 0
14
0 274 429 168 336 276 109 309 187 445 59 296 469 0
10
0 160 15 482 171 392 364 456 203 0
10
0 127 4 477 437 317 253 45 31 0
11
0 266 228 201 449 366 40 470 153 421 0
13
0 315 430 237 79 259 139 378 113 321 81 46 0
12
0 167 332 471 119 414 406 284 238 178 268 0
10
0 409 49 28 334 363 314 248 307 0
13
0 387 345 442 245 465 395 161 346 196 143 420 0
13
0 5 194 89 111 450 289 234 24 294 44 48 0
12
0 419 267 425 325 483 183 454 93 428 242 0
11
0 230 264 441 71 404 316 86 226 154 0
16
0 498 95 223 384 353 485 159 426 41 214 8 372 219 30 0
10
0 298 283 500 2 92 338 231 210 0
11
0 82 204 229 112 474 403 215 255 373 0
14
0 32 108 272 356 10 114 73 418 172 311 100 368 0
14
0 270 350 144 104 177 165 401 475 157 174 415 347 0
11
0 206 225 374 185 275 70 246 282 435 0
10
0 394 410 458 396 487 247 128 18 0
12
0 195 381 448 118 361 189 188 136 199 249 0
11
0 467 444 137 232 74 77 60 436 53 0
13
0 354 375 122 252 290 208 265 369 302 254 162 0
13
0 209 351 495 129 492 459 331 399 358 288 163 0
7
0 103 120 133 440 306 0
15
0 389 411 115 335 343 58 96 121 400 463 83 78 322 0
15
0 499 239 431 116 466 285 464 75 130 27 340 376 341 0
8
0 216 299 166 439 105 344 0
12
0 318 39 398 22 35 251 279 91 151 38 0
10
0 447 295 390 186 1 472 319 76 0
12
0 402 457 25 198 355 269 131 262 271 386 0
14
0 26 422 489 286 427 212 152 468 85 13 207 481 0
12
0 179 141 9 64 190 438 218 348 484 47 0
14
0 300 304 102 21 496 273 476 110 241 69 349 330 0
3
0 155 0
