Objective: 6530
Time: 204.50490546226501
20
8
0 73 22 7 41 180 75 0
14
0 113 184 192 70 148 156 68 176 159 105 102 124 0
11
0 112 196 83 37 90 9 133 25 158 0
14
0 56 40 14 183 172 21 166 59 127 58 164 57 0
10
0 185 4 33 2 3 76 173 147 0
11
0 12 67 174 130 39 52 95 123 69 0
12
0 145 23 89 161 11 143 44 72 153 194 0
13
0 26 98 28 8 169 177 63 5 78 189 17 0
13
0 168 171 110 71 54 45 19 38 181 29 82 0
14
0 125 64 6 141 151 101 122 195 51 135 186 62 0
14
0 104 178 119 30 81 100 1 175 138 116 65 96 0
14
0 140 115 10 114 36 199 150 155 85 94 126 154 0
11
0 86 167 160 42 142 20 61 24 66 0
12
0 18 117 137 46 87 144 157 55 32 129 0
11
0 131 188 107 121 91 146 193 50 84 0
14
0 132 48 134 182 47 118 13 99 200 197 179 108 0
11
0 120 198 152 80 31 79 170 93 34 0
15
0 191 97 163 60 92 106 27 136 109 162 187 103 16 0
13
0 15 149 49 128 74 190 53 165 139 111 43 0
5
0 35 88 77 0
