Objective: 8570
Time: 4074.2436468601227
90
9
0 16 540 832 2 326 120 435 0
13
0 264 240 636 341 202 142 38 36 504 815 775 0
15
0 1 162 72 299 512 212 342 614 883 436 376 797 105 0
13
0 655 487 29 681 188 622 690 108 230 117 263 0
12
0 563 472 874 370 395 221 406 609 126 151 0
12
0 311 649 362 698 780 405 114 34 19 773 0
9
0 213 393 887 593 811 153 679 0
5
0 658 91 543 0
14
0 139 432 40 500 107 784 208 715 200 687 885 872 0
7
0 824 506 648 768 616 0
17
0 592 323 217 680 163 541 621 661 495 663 793 229 524 490 777 0
10
0 317 470 654 364 368 505 309 4 0
16
0 321 665 589 316 672 80 24 367 755 582 749 196 503 56 0
15
0 186 74 81 657 228 197 572 93 224 494 899 709 336 0
17
0 96 730 307 862 796 50 331 511 844 529 740 198 869 255 652 0
16
0 624 180 623 39 526 296 44 516 835 129 272 890 277 227 0
9
0 329 580 416 894 840 861 492 0
15
0 737 786 870 549 598 226 417 474 437 276 656 98 64 0
14
0 678 51 15 553 561 478 12 286 119 253 757 727 0
3
0 337 0
12
0 896 836 532 849 244 79 534 110 558 466 0
16
0 781 250 683 356 380 239 330 346 290 758 688 828 5 484 0
6
0 258 674 783 32 0
7
0 842 288 185 858 611 0
14
0 83 564 422 46 58 839 620 313 868 659 574 583 0
16
0 48 161 447 452 159 803 454 145 249 480 427 170 575 643 0
12
0 109 293 111 774 496 694 401 787 443 701 0
9
0 880 644 99 814 628 473 518 0
8
0 325 265 194 191 450 475 0
10
0 442 456 30 433 94 403 285 67 0
11
0 846 822 164 531 801 174 513 837 676 0
19
0 57 43 738 271 747 521 314 539 440 596 289 209 69 585 28 728 631 0
10
0 20 371 373 234 63 587 260 641 0
14
0 467 278 627 89 488 745 124 502 283 131 358 753 0
16
0 177 468 268 179 802 555 843 548 699 544 666 491 714 595 0
5
0 349 700 754 0
16
0 568 554 790 697 871 231 410 508 471 218 584 304 171 739 0
15
0 867 130 629 207 559 254 750 823 591 718 668 343 736 0
17
0 54 856 418 302 604 402 748 731 791 567 806 333 751 284 219 0
5
0 732 352 14 0
16
0 767 220 522 165 33 536 469 499 476 795 65 708 366 807 0
8
0 613 301 351 128 390 759 0
13
0 169 626 13 423 441 140 520 121 602 379 523 0
10
0 300 889 670 261 651 103 282 132 0
10
0 794 525 267 720 52 424 176 682 0
8
0 816 634 123 742 308 298 0
17
0 481 653 375 493 608 42 419 55 804 100 306 744 448 439 78 0
12
0 864 381 615 771 752 530 320 369 41 519 0
15
0 259 385 102 347 116 303 798 848 322 199 438 463 95 0
14
0 778 873 637 821 855 879 340 489 106 762 639 22 0
12
0 810 557 719 183 187 294 383 667 586 606 0
7
0 565 741 60 396 236 0
12
0 445 73 193 31 135 770 533 181 166 897 0
10
0 820 457 640 550 498 377 122 413 0
11
0 172 895 684 866 394 763 453 703 451 0
8
0 270 76 389 851 597 66 0
12
0 61 421 761 344 819 638 722 273 713 497 0
12
0 160 573 266 818 560 515 556 87 182 269 0
10
0 779 287 660 808 863 355 414 444 0
14
0 232 898 733 147 507 760 312 881 726 462 387 420 0
9
0 225 509 297 324 84 465 646 0
12
0 677 214 428 854 588 594 262 101 134 865 0
10
0 365 399 319 685 350 892 645 90 0
12
0 664 618 192 455 237 391 829 175 607 85 0
4
0 334 735 0
13
0 400 361 635 332 812 704 374 813 691 705 70 0
17
0 570 576 517 833 86 669 136 599 850 692 578 184 49 552 647 0
13
0 133 725 546 562 59 817 137 675 305 551 150 0
12
0 113 415 47 696 886 168 241 535 706 201 0
13
0 7 210 603 429 10 156 382 222 348 430 248 0
15
0 799 460 9 388 459 77 841 154 717 527 859 157 26 0
14
0 167 830 710 178 743 431 328 35 223 686 71 141 0
13
0 831 845 789 315 203 23 243 888 412 189 545 0
16
0 782 772 275 877 671 118 233 792 8 826 764 88 884 398 0
13
0 716 632 566 274 769 689 384 834 148 97 538 0
15
0 75 827 204 359 642 37 482 292 853 291 27 729 397 0
15
0 847 279 251 112 252 310 360 17 216 734 92 155 746 0
7
0 514 893 392 411 711 0
14
0 339 363 876 146 3 25 800 256 386 617 104 547 0
12
0 485 860 852 446 878 479 662 245 483 590 0
14
0 190 345 542 281 327 579 695 206 235 571 6 138 0
13
0 353 702 723 449 805 211 434 378 600 756 577 0
15
0 528 766 409 408 127 68 215 458 875 633 257 721 18 0
9
0 712 569 650 891 195 501 357 0
14
0 673 125 53 246 619 425 707 280 372 404 11 354 0
11
0 295 788 247 838 581 510 318 152 143 0
8
0 724 900 242 612 21 857 0
18
0 461 537 158 338 45 693 426 407 825 173 630 605 486 238 785 335 0
10
0 625 149 610 477 115 601 776 882 0
9
0 205 464 144 82 765 809 62 0
