Objective: 8160
Time: 2476.6198654174805
70
5
0 433 150 115 0
13
0 673 575 486 434 413 111 397 228 31 445 488 0
17
0 499 206 665 141 453 425 181 73 144 630 121 694 175 408 479 0
15
0 230 113 85 542 539 151 207 592 9 465 395 587 248 0
11
0 637 30 520 320 176 555 166 218 269 0
11
0 452 101 40 372 240 523 560 237 201 0
6
0 125 244 224 489 0
11
0 493 521 281 649 282 366 416 292 295 0
14
0 149 462 435 672 194 305 518 565 222 92 658 77 0
12
0 670 2 192 187 278 275 17 478 422 417 0
11
0 358 186 241 97 255 67 553 118 474 0
15
0 350 508 55 558 28 74 138 676 154 357 610 300 494 0
12
0 82 336 100 294 359 387 501 352 14 563 0
12
0 124 168 388 459 21 235 197 291 393 579 0
13
0 528 252 24 492 695 536 307 251 212 297 180 0
14
0 455 159 296 102 209 681 213 259 265 91 315 139 0
6
0 6 398 25 137 0
15
0 35 564 26 426 466 580 381 477 171 400 348 391 461 0
14
0 601 600 3 447 678 530 243 12 179 538 674 686 0
13
0 273 56 561 37 182 50 382 581 429 522 98 0
17
0 95 221 583 130 298 577 48 399 480 80 680 533 93 312 215 0
13
0 552 629 225 233 572 634 330 635 198 316 145 0
12
0 188 232 591 421 16 595 506 448 655 340 0
7
0 68 338 107 7 652 0
10
0 623 454 153 596 663 313 569 33 0
14
0 76 34 419 513 54 467 567 597 576 699 669 142 0
14
0 570 438 589 375 593 335 498 127 302 22 143 311 0
14
0 642 617 83 162 140 220 609 15 470 60 540 443 0
15
0 53 173 190 356 401 90 39 112 226 431 110 367 177 0
12
0 648 337 365 29 219 156 249 148 460 684 0
12
0 170 268 160 640 442 23 20 204 339 602 0
9
0 603 390 662 272 317 72 104 0
12
0 406 449 214 656 427 120 544 191 368 65 0
12
0 86 559 638 653 42 211 471 418 485 136 0
4
0 349 650 0
13
0 303 651 378 379 78 424 81 439 314 323 44 0
13
0 19 504 134 411 641 89 279 624 515 328 383 0
11
0 32 123 261 403 355 284 199 13 293 0
8
0 351 615 208 109 62 687 0
16
0 396 322 585 250 345 512 621 645 286 481 310 554 444 457 0
11
0 483 475 410 631 66 326 586 614 659 0
8
0 456 361 541 598 666 546 0
9
0 103 184 647 172 238 147 59 0
15
0 500 696 407 450 657 682 343 566 525 690 51 4 5 0
10
0 473 185 342 280 537 608 370 688 0
14
0 36 497 277 622 503 389 193 165 108 129 364 550 0
8
0 88 627 239 607 260 613 0
10
0 205 105 385 543 618 354 174 632 0
12
0 319 96 616 369 605 347 660 404 63 594 0
14
0 200 299 628 529 324 353 158 509 132 8 70 547 0
15
0 517 487 532 437 334 308 491 116 58 505 562 679 654 0
10
0 363 414 548 256 309 677 106 195 0
15
0 556 1 189 668 283 495 202 271 526 430 210 87 341 0
6
0 531 161 412 619 0
13
0 274 167 428 458 625 325 99 420 511 64 71 0
13
0 394 386 527 301 254 304 490 45 646 245 568 0
13
0 633 376 183 639 524 373 133 551 79 318 463 0
13
0 122 644 267 436 117 216 327 38 604 262 223 0
13
0 69 472 502 169 163 321 47 329 519 476 371 0
12
0 285 671 534 693 432 574 415 468 584 510 0
12
0 360 374 126 626 612 52 464 469 606 49 0
16
0 571 253 332 557 229 516 380 203 423 482 331 545 289 135 0
18
0 689 131 61 247 549 266 236 484 306 152 344 155 496 346 441 270 0
13
0 377 157 263 46 246 287 43 402 114 514 11 0
13
0 276 264 384 146 392 667 451 573 405 578 643 0
13
0 217 685 362 675 697 691 440 10 242 636 27 0
10
0 664 196 258 164 288 661 698 231 0
9
0 94 590 18 409 446 227 75 0
11
0 178 611 582 128 535 41 507 84 257 0
13
0 700 333 683 620 588 290 234 692 599 57 119 0
