Objective: 8770
Time: 5045.602324962616
100
2
0 0
10
0 312 701 707 885 334 219 69 718 0
10
0 493 417 955 215 134 992 385 865 0
12
0 567 373 892 850 255 825 268 614 307 503 0
14
0 436 530 90 24 39 393 440 364 971 990 895 573 0
3
0 587 0
10
0 226 116 899 434 221 999 702 752 0
11
0 789 688 396 640 284 2 54 577 85 0
18
0 331 968 981 984 983 301 819 748 706 641 747 218 197 83 244 70 0
10
0 41 553 388 494 137 78 289 894 0
7
0 5 237 9 891 633 0
13
0 467 154 770 631 386 245 13 967 521 721 28 0
15
0 329 242 379 657 479 537 788 142 956 699 829 608 406 0
18
0 796 813 509 262 866 290 376 501 109 211 557 856 652 480 14 662 0
10
0 428 42 146 310 441 263 973 447 0
12
0 976 248 693 539 362 426 358 397 382 186 0
11
0 182 952 444 565 618 997 214 52 415 0
14
0 252 533 807 601 123 649 235 12 481 132 803 644 0
11
0 785 330 513 84 423 900 801 377 238 0
17
0 602 517 531 343 291 65 872 598 779 92 485 75 418 408 860 0
11
0 401 795 365 708 529 610 943 793 555 0
11
0 151 764 171 715 34 814 127 965 79 0
15
0 404 985 17 520 728 506 322 297 761 326 306 886 178 0
12
0 550 692 378 277 71 35 988 256 802 64 0
13
0 349 993 281 888 410 274 821 925 368 758 709 0
13
0 456 141 311 253 124 898 910 66 184 572 125 0
5
0 155 541 207 0
17
0 275 3 972 251 473 861 812 491 543 422 994 278 916 913 435 0
14
0 523 734 883 505 149 978 905 131 719 882 236 302 0
6
0 655 36 687 16 0
9
0 566 138 945 7 258 579 554 0
10
0 202 266 930 648 612 675 233 929 0
16
0 61 624 234 4 966 569 729 970 259 901 82 195 835 114 0
10
0 769 495 153 510 851 560 570 659 0
15
0 546 272 831 674 314 735 50 759 394 824 105 129 500 0
9
0 962 784 733 135 858 247 771 0
5
0 140 694 466 0
12
0 213 497 168 47 97 540 844 490 626 162 0
13
0 690 335 742 452 914 940 72 30 982 791 979 0
5
0 89 294 304 0
14
0 613 832 632 816 152 161 38 932 680 902 897 939 0
13
0 873 720 630 603 348 419 623 917 420 817 427 0
16
0 374 586 246 188 591 853 220 15 483 359 239 909 677 455 0
17
0 903 270 922 442 830 199 366 204 156 303 206 685 637 133 163 0
15
0 864 841 332 804 549 165 544 106 946 157 1 87 177 0
15
0 889 876 700 826 414 355 115 843 933 975 49 581 298 0
11
0 936 857 44 949 159 867 280 88 651 0
17
0 337 463 122 622 547 62 741 528 774 580 986 264 40 357 772 0
17
0 838 346 287 169 616 750 820 847 672 527 353 810 846 295 792 0
14
0 664 639 1000 117 875 474 696 250 93 227 499 611 0
13
0 56 429 576 261 478 459 730 906 461 296 340 0
12
0 806 958 308 402 120 228 859 559 22 45 0
10
0 99 582 912 969 454 208 714 525 0
5
0 561 167 477 0
13
0 879 108 621 321 998 755 339 492 953 862 33 0
17
0 193 276 283 542 269 430 271 300 279 80 462 439 822 848 372 0
14
0 597 995 336 556 212 384 341 736 425 243 183 57 0
11
0 285 68 627 944 535 938 94 299 585 0
12
0 37 63 496 192 773 954 144 823 763 347 0
17
0 175 534 371 522 60 360 653 191 781 643 288 684 196 564 413 0
11
0 20 845 118 960 551 782 449 636 91 0
16
0 431 928 805 73 727 811 654 225 457 465 760 172 524 126 0
11
0 130 241 223 887 881 96 716 469 292 0
15
0 416 950 8 104 309 198 935 574 605 194 487 254 762 0
17
0 111 25 58 18 224 110 102 757 650 931 681 697 351 411 739 0
11
0 604 55 354 113 367 578 424 645 987 0
9
0 515 744 808 874 76 369 717 0
5
0 713 854 265 0
14
0 666 923 26 880 407 174 937 828 293 209 592 210 0
12
0 927 766 869 446 682 583 840 989 548 877 0
11
0 731 615 230 504 383 665 526 344 711 0
14
0 798 606 996 818 328 562 43 941 647 147 629 625 0
14
0 754 203 112 738 552 488 67 327 315 963 148 743 0
13
0 514 486 324 726 453 333 313 538 563 855 663 0
10
0 180 166 432 95 751 834 669 190 0
13
0 23 765 381 395 445 660 907 145 710 128 139 0
10
0 991 507 217 352 412 86 390 450 0
17
0 951 536 471 575 282 342 673 103 678 27 609 703 484 482 150 0
15
0 464 249 756 607 398 842 809 836 658 589 472 800 53 0
6
0 780 160 768 187 0
16
0 571 502 512 724 893 508 323 635 705 723 926 77 181 980 0
17
0 588 81 815 338 48 786 31 267 305 668 545 947 787 389 257 0
10
0 863 345 908 957 516 638 433 405 0
10
0 676 870 661 11 189 667 170 320 0
14
0 475 46 403 827 948 704 833 216 656 919 934 698 0
14
0 683 100 797 361 775 568 890 448 964 595 222 59 0
7
0 458 32 671 437 511 0
12
0 753 942 778 737 10 260 498 600 399 849 0
6
0 920 421 143 317 0
14
0 185 6 387 350 725 319 370 380 695 776 896 686 0
12
0 158 392 519 783 799 642 620 107 740 745 0
14
0 746 375 918 619 98 176 911 438 400 164 670 921 0
11
0 356 767 712 689 878 232 977 476 273 0
17
0 790 868 634 229 777 590 961 119 593 646 596 924 468 101 51 0
12
0 628 794 749 532 594 179 19 839 363 518 0
4
0 316 915 0
8
0 871 489 904 722 959 691 0
13
0 599 29 21 852 286 884 391 558 121 201 617 0
6
0 325 205 443 136 0
17
0 974 200 460 173 470 318 240 74 584 732 679 409 231 837 451 0
