Objective: 7000
Time: 810.0876321792603
40
7
0 305 263 176 100 293 0
11
0 399 223 355 141 103 396 273 67 115 0
13
0 98 235 199 258 328 180 2 383 112 124 207 0
14
0 200 213 215 160 294 225 241 206 140 339 283 221 0
11
0 123 24 72 28 246 255 82 248 313 0
12
0 356 8 188 167 185 7 190 204 375 47 0
13
0 384 336 165 382 301 169 377 81 379 38 374 0
9
0 87 5 277 295 330 29 96 0
11
0 306 4 216 309 322 324 302 108 177 0
12
0 14 357 80 214 168 243 254 232 56 348 0
13
0 159 359 147 121 394 318 233 364 148 36 279 0
13
0 209 122 211 102 197 249 70 288 224 397 369 0
11
0 245 43 77 132 253 105 352 110 340 0
9
0 281 316 78 134 151 236 315 0
12
0 26 335 314 270 271 259 88 6 284 69 0
11
0 34 242 346 138 84 154 171 222 35 0
14
0 344 10 95 231 286 109 153 321 118 192 234 252 0
11
0 73 173 20 55 3 30 129 37 331 0
8
0 66 298 275 15 268 319 0
14
0 111 350 161 220 23 189 210 150 247 276 202 282 0
13
0 50 308 266 250 91 86 368 61 269 41 287 0
15
0 97 370 22 146 101 323 274 326 181 93 310 388 174 0
15
0 198 354 280 300 145 17 212 183 64 158 27 83 338 0
10
0 219 13 385 278 46 291 12 21 0
15
0 320 113 347 152 179 217 49 393 325 142 366 116 44 0
13
0 228 262 373 312 380 186 265 191 135 117 334 0
10
0 68 144 193 381 71 114 164 264 0
14
0 361 175 299 327 244 390 240 106 307 363 353 365 0
12
0 90 208 107 31 345 119 226 333 58 292 0
10
0 343 57 25 371 367 184 297 172 0
12
0 267 389 337 166 187 149 136 170 63 304 0
9
0 16 395 351 237 178 229 76 0
17
0 75 163 289 218 303 11 387 79 257 251 130 52 194 256 59 0
12
0 127 285 65 358 391 260 89 48 133 392 0
13
0 376 261 128 9 155 182 62 92 386 94 99 0
10
0 201 33 32 230 85 143 40 196 0
13
0 332 272 74 398 104 137 378 195 400 203 131 0
13
0 362 349 290 42 60 341 157 296 342 162 45 0
12
0 238 139 329 18 1 19 39 126 311 239 0
13
0 120 317 125 54 53 205 227 360 372 156 51 0
