Objective: 11610
Time: 186.21220660209656
10
23
0 15 28 27 11 39 134 144 119 34 2 145 129 130 48 128 102 159 74 171 33 137 0
21
0 5 13 118 158 58 111 97 94 188 131 93 4 154 127 174 138 23 65 56 0
18
0 101 182 132 114 7 88 143 18 77 75 103 200 191 147 26 198 0
24
0 44 165 105 157 24 59 175 151 3 148 87 115 80 164 64 197 123 126 170 61 19 160 0
22
0 1 54 8 177 155 20 49 173 62 66 83 69 139 41 179 146 142 29 22 6 0
21
0 135 163 113 46 91 89 162 109 181 152 53 156 196 161 186 25 133 79 140 0
23
0 122 90 38 21 166 121 176 98 106 183 136 117 150 193 55 95 180 76 31 86 17 0
23
0 141 178 104 52 14 185 63 195 36 81 99 184 189 67 84 57 167 107 42 172 60 0
23
0 108 153 96 169 85 32 187 51 70 110 45 82 30 43 16 50 125 71 120 9 10 0
22
0 40 68 192 168 73 72 47 37 35 190 92 124 100 112 116 199 149 194 12 78 0
