50 10
203 65 487 723 454 635 283 276 328 357 54 386 378 109 545 350 836 360 198 754 438 154 161 544 733 67 545 149 225 428 573 357 283 940 463 338 560 959 173 97 331 711 847 762 590 50 789 220 198 555 
0 69 108 83 107 55 119 124 99 40 117 97 49 80 50 90 96 54 116 29 96 126 59 77 59 82 66 47 38 79 84 119 60 56 68 60 137 54 109 81 50 44 88 118 106 92 3 56 117 60 136 
69 0 61 99 172 16 89 178 167 108 171 59 44 108 83 81 155 44 173 89 135 91 113 143 81 143 114 117 45 142 80 173 73 95 5 26 195 80 98 151 114 102 67 94 172 27 66 13 82 54 100 
108 61 0 160 189 62 146 230 192 147 223 116 60 99 90 51 204 104 224 113 192 33 125 185 81 190 167 149 100 158 142 225 132 150 66 50 245 82 58 187 159 120 128 44 214 73 105 64 26 115 153 
83 99 160 0 169 98 66 95 152 87 90 68 116 163 133 163 87 56 97 111 44 187 139 97 140 84 45 105 62 149 27 93 27 33 94 113 116 136 183 116 73 124 47 186 115 101 83 95 178 45 84 
107 172 189 169 0 155 222 142 23 82 137 204 135 98 99 145 114 160 128 83 154 189 63 84 108 103 128 65 144 30 183 137 158 136 172 154 140 106 154 63 96 71 191 173 92 197 110 159 183 164 240 
55 16 62 98 155 0 99 169 151 94 162 70 29 93 67 71 145 43 164 72 130 89 96 130 66 132 106 101 37 125 83 164 70 88 18 15 185 64 89 136 101 85 73 89 159 43 51 4 80 54 112 
119 89 146 66 222 99 0 160 209 141 156 30 127 188 159 170 153 66 163 148 109 179 178 159 161 149 110 157 82 197 41 158 65 92 84 114 181 158 188 176 132 163 31 184 181 73 117 94 170 58 18 
124 178 230 95 142 169 160 0 118 93 7 163 173 190 167 214 31 137 14 136 51 250 152 62 178 46 63 104 133 140 122 5 111 83 174 180 21 174 232 80 75 141 142 242 51 189 127 168 241 130 178 
99 167 192 152 23 151 209 118 0 67 113 193 134 108 102 152 91 150 104 80 133 196 69 62 113 81 109 52 135 37 168 113 143 120 167 152 116 110 164 40 78 71 178 181 68 191 102 154 189 152 227 
40 108 147 87 82 94 141 93 67 0 86 126 87 98 74 123 62 83 82 42 80 162 61 37 85 47 50 18 70 62 101 87 76 54 107 100 103 81 140 42 19 48 111 152 66 129 43 96 154 85 159 
117 171 223 90 137 162 156 7 113 86 0 157 165 183 160 207 24 130 10 128 47 243 145 56 170 39 56 97 126 134 117 2 105 76 167 172 25 166 224 74 68 134 136 235 47 182 120 161 234 124 173 
97 59 116 68 204 70 30 163 193 126 157 0 98 161 132 140 150 43 163 126 112 148 154 150 134 143 105 140 59 177 41 160 55 85 54 84 183 131 158 165 121 140 21 154 175 43 95 65 140 40 42 
49 44 60 116 135 29 127 173 134 87 165 98 0 64 39 47 145 65 165 54 140 77 72 125 37 131 112 89 54 104 106 167 88 98 47 20 187 35 66 126 99 63 99 71 154 71 45 33 68 76 140 
80 108 99 163 98 93 188 190 108 98 183 161 64 0 30 50 160 123 179 56 173 93 41 130 27 144 143 87 108 70 161 185 139 136 112 83 198 29 57 121 117 49 159 76 155 135 79 98 88 133 203 
50 83 90 133 99 67 159 167 102 74 160 132 39 30 0 51 137 93 157 31 146 94 35 110 11 121 115 68 78 68 130 161 108 107 86 59 177 8 66 105 92 32 129 81 137 110 49 71 87 102 174 
90 81 51 163 145 71 170 214 152 123 207 140 47 50 51 0 185 112 205 81 186 44 83 160 40 170 157 118 101 116 153 209 136 144 86 56 226 43 19 156 139 83 145 29 188 105 88 76 38 124 182 
96 155 204 87 114 145 153 31 91 62 24 150 145 160 137 185 0 117 20 105 49 222 120 32 148 15 44 73 110 110 112 25 95 65 152 154 41 144 202 51 46 110 129 214 31 169 99 144 213 113 171 
54 44 104 56 160 43 66 137 150 83 130 43 65 123 93 112 117 0 134 82 92 132 111 112 96 107 74 97 16 133 40 133 28 53 39 58 155 93 131 124 82 97 36 132 138 51 51 39 123 11 83 
116 173 224 97 128 164 163 14 104 82 10 163 165 179 157 205 20 134 0 125 55 242 140 50 168 35 60 92 128 127 124 9 110 81 170 173 21 164 222 66 66 130 142 234 37 186 119 163 233 129 181 
29 89 113 111 83 72 148 136 80 42 128 126 54 56 31 81 105 82 125 0 117 122 29 78 42 90 86 37 66 53 114 130 90 81 89 71 145 38 97 75 61 14 117 111 106 114 31 75 115 89 165 
96 135 192 44 154 130 109 51 133 80 47 112 140 173 146 186 49 92 55 117 0 216 141 71 155 53 30 97 92 141 71 49 63 42 130 142 72 151 205 92 61 127 91 212 81 142 98 128 207 83 126 
126 91 33 187 189 89 179 250 196 162 243 148 77 93 94 44 222 132 242 122 216 0 127 200 83 208 189 160 126 160 171 245 159 174 97 74 264 86 38 198 176 126 159 18 228 106 123 92 9 143 186 
59 113 125 139 63 96 178 152 69 61 145 154 72 41 35 83 120 111 140 29 141 127 0 90 44 105 110 47 95 33 144 146 119 108 114 92 158 42 95 80 81 15 146 112 114 140 60 100 120 119 195 
77 143 185 97 84 130 159 62 62 37 56 150 125 130 110 160 32 112 50 78 71 200 90 0 121 19 51 43 101 77 117 57 96 67 141 137 68 117 176 21 30 81 132 189 29 161 80 131 191 110 178 
59 81 81 140 108 66 161 178 113 85 170 134 37 27 11 40 148 96 168 42 155 83 44 121 0 132 124 79 82 78 135 172 114 115 84 56 188 4 55 116 102 43 132 69 149 108 57 70 76 107 176 
82 143 190 84 103 132 149 46 81 47 39 143 131 144 121 170 15 107 35 90 53 208 105 19 132 0 39 58 99 96 107 40 88 58 140 141 56 128 187 40 31 94 123 199 32 159 85 132 199 104 167 
66 114 167 45 128 106 110 63 109 50 56 105 112 143 115 157 44 74 60 86 30 189 110 51 124 39 0 68 69 112 68 59 50 20 110 117 81 120 175 71 32 96 85 184 71 125 68 105 180 68 128 
47 117 149 105 65 101 157 104 52 18 97 140 89 87 68 118 73 97 92 37 97 160 47 43 79 58 68 0 82 44 118 98 92 72 116 104 111 75 134 38 36 37 126 148 69 139 50 103 152 100 176 
38 45 100 62 144 37 82 133 135 70 126 59 54 108 78 101 110 16 128 66 92 126 95 101 82 99 69 82 0 117 53 128 34 50 41 51 150 78 120 111 71 81 51 124 129 60 35 36 116 24 99 
79 142 158 149 30 125 197 140 37 62 134 177 104 70 68 116 110 133 127 53 141 160 33 77 78 96 112 44 117 0 159 134 134 117 143 123 142 76 127 61 80 40 166 144 95 168 82 129 154 139 215 
84 80 142 27 183 83 41 122 168 101 117 41 106 161 130 153 112 40 124 114 71 171 144 117 135 107 68 118 53 159 0 120 25 50 75 98 143 132 172 135 91 128 19 172 139 77 84 79 162 29 60 
119 173 225 93 137 164 158 5 113 87 2 160 167 185 161 209 25 133 9 130 49 245 146 57 172 40 59 98 128 134 120 0 107 79 169 175 23 168 226 74 69 135 139 237 46 185 122 164 236 127 176 
60 73 132 27 158 70 65 111 143 76 105 55 88 139 108 136 95 28 110 90 63 159 119 96 114 88 50 92 34 134 25 107 0 30 67 85 130 110 155 112 67 104 36 158 119 78 60 67 150 19 84 
56 95 150 33 136 88 92 83 120 54 76 85 98 136 107 144 65 53 81 81 42 174 108 67 115 58 20 72 50 117 50 79 30 0 90 100 102 111 163 84 41 94 65 170 90 105 58 86 165 48 111 
68 5 66 94 172 18 84 174 167 107 167 54 47 112 86 86 152 39 170 89 130 97 114 141 84 140 110 116 41 143 75 169 67 90 0 30 191 83 103 149 111 102 61 100 169 25 65 14 88 49 95 
60 26 50 113 154 15 114 180 152 100 172 84 20 83 59 56 154 58 173 71 142 74 92 137 56 141 117 104 51 123 98 175 85 100 30 0 195 55 74 141 109 82 88 74 166 52 56 19 65 69 125 
137 195 245 116 140 185 181 21 116 103 25 183 187 198 177 226 41 155 21 145 72 264 158 68 188 56 81 111 150 142 143 23 130 102 191 195 0 184 243 81 87 149 162 255 47 207 141 185 255 149 199 
54 80 82 136 106 64 158 174 110 81 166 131 35 29 8 43 144 93 164 38 151 86 42 117 4 128 120 75 78 76 132 168 110 111 83 55 184 0 59 113 98 40 129 73 145 107 53 68 79 103 173 
109 98 58 183 154 89 188 232 164 140 224 158 66 57 66 19 202 131 222 97 205 38 95 176 55 187 175 134 120 127 172 226 155 163 103 74 243 59 0 171 156 98 163 20 204 120 107 94 36 142 198 
81 151 187 116 63 136 176 80 40 42 74 165 126 121 105 156 51 124 66 75 92 198 80 21 116 40 71 38 111 61 135 74 112 84 149 141 81 113 171 0 44 73 148 186 34 171 85 138 190 124 195 
50 114 159 73 96 101 132 75 78 19 68 121 99 117 92 139 46 82 66 61 61 176 81 30 102 31 32 36 71 80 91 69 67 41 111 109 87 98 156 44 0 68 104 168 57 131 54 102 167 81 151 
44 102 120 124 71 85 163 141 71 48 134 140 63 49 32 83 110 97 130 14 127 126 15 81 43 94 96 37 81 40 128 135 104 94 102 82 149 40 98 73 68 0 132 113 107 128 45 88 119 104 180 
88 67 128 47 191 73 31 142 178 111 136 21 99 159 129 145 129 36 142 117 91 159 146 132 132 123 85 126 51 166 19 139 36 65 61 88 162 129 163 148 104 132 0 162 155 59 86 69 150 27 49 
118 94 44 186 173 89 184 242 181 152 235 154 71 76 81 29 214 132 234 111 212 18 112 189 69 199 184 148 124 144 172 237 158 170 100 74 255 73 20 186 168 113 162 0 218 113 115 93 19 144 193 
106 172 214 115 92 159 181 51 68 66 47 175 154 155 137 188 31 138 37 106 81 228 114 29 149 32 71 69 129 95 139 46 119 90 169 166 47 145 204 34 57 107 155 218 0 189 109 160 220 136 199 
92 27 73 101 197 43 73 189 191 129 182 43 71 135 110 105 169 51 186 114 142 106 140 161 108 159 125 139 60 168 77 185 78 105 25 52 207 107 120 171 131 128 59 113 189 0 89 39 98 58 79 
3 66 105 83 110 51 117 127 102 43 120 95 45 79 49 88 99 51 119 31 98 123 60 80 57 85 68 50 35 82 84 122 60 58 65 56 141 53 107 85 54 45 86 115 109 89 0 52 114 58 134 
56 13 64 95 159 4 94 168 154 96 161 65 33 98 71 76 144 39 163 75 128 92 100 131 70 132 105 103 36 129 79 164 67 86 14 19 185 68 94 138 102 88 69 93 160 39 52 0 83 51 107 
117 82 26 178 183 80 170 241 189 154 234 140 68 88 87 38 213 123 233 115 207 9 120 191 76 199 180 152 116 154 162 236 150 165 88 65 255 79 36 190 167 119 150 19 220 98 114 83 0 134 178 
60 54 115 45 164 54 58 130 152 85 124 40 76 133 102 124 113 11 129 89 83 143 119 110 107 104 68 100 24 139 29 127 19 48 49 69 149 103 142 124 81 104 27 144 136 58 58 51 134 0 76 
136 100 153 84 240 112 18 178 227 159 173 42 140 203 174 182 171 83 181 165 126 186 195 178 176 167 128 176 99 215 60 176 84 111 95 125 199 173 198 195 151 180 49 193 199 79 134 107 178 76 0 
