50 5
776 945 934 446 316 206 780 924 329 409 671 679 945 742 847 972 318 853 220 859 746 724 929 596 572 526 271 905 611 89 270 547 855 517 584 64 138 299 653 900 401 387 390 626 479 264 312 769 698 797 
0 90 70 35 88 20 40 47 53 105 18 104 80 26 71 52 89 90 91 89 85 105 74 108 126 79 62 110 63 79 92 107 80 101 86 68 89 11 67 92 86 102 94 53 74 89 82 74 93 69 70 
90 0 122 123 16 98 50 122 131 162 109 171 147 113 157 67 179 99 44 158 122 79 163 187 207 110 28 61 151 169 180 112 40 94 84 159 139 84 85 127 46 58 124 129 123 39 132 158 15 79 147 
70 122 0 88 129 89 90 33 39 40 70 50 143 86 115 54 114 159 93 41 18 168 83 156 170 150 102 166 70 90 127 177 134 168 56 94 19 63 136 24 141 158 165 33 4 95 11 62 132 47 127 
35 123 88 0 118 25 72 56 55 114 20 106 54 10 35 86 56 95 126 91 105 121 51 73 91 76 94 132 46 53 57 110 105 110 118 38 104 45 76 112 109 123 88 59 92 124 98 62 123 101 39 
88 16 129 118 0 93 48 125 134 170 106 177 137 108 151 75 175 83 60 164 132 62 162 179 198 96 28 44 151 167 174 96 24 78 97 156 147 84 72 138 30 41 109 132 131 54 140 160 4 90 138 
20 98 89 25 93 0 48 62 65 121 23 118 60 15 58 71 82 76 106 102 104 98 74 92 110 62 70 107 67 77 81 92 80 89 106 63 107 31 54 111 84 98 76 67 93 104 100 81 98 88 52 
40 50 90 72 48 48 0 79 87 130 58 134 102 62 107 44 128 77 63 119 98 78 114 139 158 77 22 76 103 119 129 94 44 82 78 108 109 36 55 104 51 68 93 86 93 59 102 112 53 64 98 
47 122 33 56 125 62 79 0 9 59 40 56 110 55 81 60 82 137 105 41 52 152 53 122 136 124 97 155 39 60 94 154 123 148 79 61 48 44 114 58 130 147 139 6 37 105 42 38 129 64 94 
53 131 39 55 134 65 87 9 0 58 42 52 109 56 77 70 74 141 115 37 58 159 44 117 130 127 106 162 30 51 87 158 131 154 88 54 51 51 119 63 137 154 141 5 43 115 45 28 138 74 92 
105 162 40 114 170 121 130 59 58 0 99 20 168 114 132 94 121 195 131 27 42 207 89 171 181 183 143 206 79 95 138 213 174 206 89 106 23 99 172 41 181 198 198 54 38 133 29 64 173 85 150 
18 109 70 20 106 23 58 40 42 99 0 95 73 15 55 65 70 99 107 79 86 119 56 94 111 84 80 126 46 60 75 115 97 112 97 50 87 26 77 93 102 118 98 45 74 105 80 58 111 80 59 
104 171 50 106 177 118 134 56 52 20 95 0 158 108 120 103 105 194 143 15 58 209 74 157 166 179 149 210 66 79 122 210 178 205 104 92 39 100 171 58 185 202 193 50 49 145 42 49 181 97 140 
80 147 143 54 137 60 102 110 109 168 73 158 0 57 44 131 75 76 164 143 160 112 91 45 64 53 121 131 93 89 61 84 116 93 166 71 159 91 69 166 116 124 54 114 147 161 152 110 142 149 19 
26 113 86 10 108 15 62 55 56 114 15 108 57 0 45 78 66 89 117 93 102 113 59 81 99 72 84 122 52 62 67 104 96 103 111 48 102 37 68 109 100 114 85 59 90 115 96 67 113 93 44 
71 157 115 35 151 58 107 81 77 132 55 120 44 45 0 121 31 111 162 106 133 143 48 40 56 89 129 158 53 45 22 123 136 128 152 28 128 81 97 140 138 150 96 82 119 160 123 70 156 135 26 
52 67 54 86 75 71 44 60 70 94 65 103 131 78 121 0 133 121 45 92 57 121 110 159 177 118 49 115 96 116 140 138 83 126 36 111 71 41 99 62 91 108 135 66 56 45 65 98 78 19 122 
89 179 114 56 175 82 128 82 74 121 70 105 75 66 31 133 0 142 177 94 132 173 32 54 60 120 150 186 44 25 18 154 162 158 160 21 122 97 127 137 165 178 127 80 117 176 118 56 180 143 56 
90 99 159 95 83 76 77 137 141 195 99 194 76 89 111 121 142 0 133 178 171 37 146 122 140 23 83 60 141 147 133 17 59 16 155 130 178 96 23 178 54 54 28 143 163 128 171 156 87 141 88 
91 44 93 126 60 106 63 105 115 131 107 143 164 117 162 45 177 133 0 133 88 120 155 198 217 138 49 105 141 161 182 148 80 133 44 155 107 81 115 92 87 101 154 111 93 5 101 143 60 45 159 
89 158 41 91 164 102 119 41 37 27 79 15 143 93 106 92 94 178 133 0 53 194 62 144 154 164 136 196 52 68 110 195 164 190 97 79 35 85 156 55 171 188 178 35 41 135 36 37 168 88 125 
85 122 18 105 132 104 98 52 58 42 86 58 160 102 133 57 132 171 88 53 0 176 101 174 188 163 106 171 88 108 145 188 140 179 47 113 19 75 148 7 147 164 179 52 14 91 16 79 135 44 145 
105 79 168 121 62 98 78 152 159 207 119 209 112 113 143 121 173 37 120 194 176 0 172 158 177 59 74 25 165 174 165 40 40 22 152 159 187 108 46 183 33 22 65 159 171 115 180 178 64 140 122 
74 163 83 51 162 74 114 53 44 89 56 74 91 59 48 110 32 146 155 62 101 172 0 83 92 126 136 181 14 7 48 160 153 161 132 19 91 79 127 106 158 173 137 50 86 154 87 24 167 117 72 
108 187 156 73 179 92 139 122 117 171 94 157 45 81 40 159 54 122 198 144 174 158 83 0 19 98 160 177 91 78 35 128 160 138 192 65 168 119 114 180 161 169 98 123 160 196 163 107 184 174 40 
126 207 170 91 198 110 158 136 130 181 111 166 64 99 56 177 60 140 217 154 188 177 92 19 0 117 179 196 102 86 43 146 179 157 209 76 181 136 134 194 180 188 116 136 174 214 176 117 203 191 60 
79 110 150 76 96 62 77 124 127 183 84 179 53 72 89 118 120 23 138 164 163 59 126 98 117 0 89 80 123 127 110 34 72 40 154 110 168 87 24 170 70 73 16 129 153 134 161 139 100 138 65 
62 28 102 94 28 70 22 97 106 143 80 149 121 84 129 49 150 83 49 136 106 74 136 160 179 89 0 65 124 141 151 99 34 84 77 130 120 57 66 112 42 58 105 104 104 44 113 132 32 66 119 
110 61 166 132 44 107 76 155 162 206 126 210 131 122 158 115 186 60 105 196 171 25 181 177 196 80 65 0 173 185 181 65 31 47 141 170 184 110 62 177 24 8 89 161 168 99 177 184 45 131 139 
63 151 70 46 151 67 103 39 30 79 46 66 93 52 53 96 44 141 141 52 88 165 14 91 102 123 124 173 0 21 59 156 144 156 118 26 78 67 121 93 149 164 135 36 73 141 74 17 156 103 74 
79 169 90 53 167 77 119 60 51 95 60 79 89 62 45 116 25 147 161 68 108 174 7 78 86 127 141 185 21 0 43 161 157 163 139 17 98 84 129 113 162 176 137 57 93 161 94 31 172 124 70 
92 180 127 57 174 81 129 94 87 138 75 122 61 67 22 140 18 133 182 110 145 165 48 35 43 110 151 181 59 43 0 143 159 149 169 32 137 101 120 151 161 173 115 93 131 181 133 73 179 152 44 
107 112 177 110 96 92 94 154 158 213 115 210 84 104 123 138 154 17 148 195 188 40 160 128 146 34 99 65 156 161 143 0 71 18 172 144 196 113 40 195 65 61 30 160 180 143 188 172 99 158 98 
80 40 134 105 24 80 44 123 131 174 97 178 116 96 136 83 162 59 80 164 140 40 153 160 179 72 34 31 144 157 159 71 0 54 111 144 152 79 48 146 7 24 85 130 136 74 145 154 28 101 120 
101 94 168 110 78 89 82 148 154 206 112 205 93 103 128 126 158 16 133 190 179 22 161 138 157 40 84 47 156 163 149 18 54 0 159 146 188 106 34 185 48 43 43 155 172 128 180 170 81 146 105 
86 84 56 118 97 106 78 79 88 89 97 104 166 111 152 36 160 155 44 97 47 152 132 192 209 154 77 141 118 139 169 172 111 159 0 138 66 75 134 49 119 135 171 83 55 48 62 115 99 17 156 
68 159 94 38 156 63 108 61 54 106 50 92 71 48 28 111 21 130 155 79 113 159 19 65 76 110 130 170 26 17 32 144 144 146 138 0 105 76 113 118 148 161 119 60 98 154 100 42 160 122 52 
89 139 19 104 147 107 109 48 51 23 87 39 159 102 128 71 122 178 107 35 19 187 91 168 181 168 120 184 78 98 137 196 152 188 66 105 0 82 155 19 160 177 184 45 16 109 7 67 150 61 142 
11 84 63 45 84 31 36 44 51 99 26 100 91 37 81 41 97 96 81 85 75 108 79 119 136 87 57 110 67 84 101 113 79 106 75 76 82 0 73 82 86 102 103 51 66 79 74 75 89 57 81 
67 85 136 76 72 54 55 114 119 172 77 171 69 68 97 99 127 23 115 156 148 46 127 114 134 24 66 62 121 129 120 40 48 34 134 113 155 73 0 154 47 54 39 120 140 110 148 135 76 119 77 
92 127 24 112 138 111 104 58 63 41 93 58 166 109 140 62 137 178 92 55 7 183 106 180 194 170 112 177 93 113 151 195 146 185 49 118 19 82 154 0 153 171 186 57 20 95 19 84 140 48 151 
86 46 141 109 30 84 51 130 137 181 102 185 116 100 138 91 165 54 87 171 147 33 158 161 180 70 42 24 149 162 161 65 7 48 119 148 160 86 47 153 0 17 82 137 144 82 153 160 33 108 121 
102 58 158 123 41 98 68 147 154 198 118 202 124 114 150 108 178 54 101 188 164 22 173 169 188 73 58 8 164 176 173 61 24 43 135 161 177 102 54 171 17 0 83 153 161 95 170 176 42 125 131 
94 124 165 88 109 76 93 139 141 198 98 193 54 85 96 135 127 28 154 178 179 65 137 98 116 16 105 89 135 137 115 30 85 43 171 119 184 103 39 186 82 83 0 144 169 150 177 151 113 155 70 
53 129 33 59 132 67 86 6 5 54 45 50 114 59 82 66 80 143 111 35 52 159 50 123 136 129 104 161 36 57 93 160 130 155 83 60 45 51 120 57 137 153 144 0 37 111 40 32 136 69 97 
74 123 4 92 131 93 93 37 43 38 74 49 147 90 119 56 117 163 93 41 14 171 86 160 174 153 104 168 73 93 131 180 136 172 55 98 16 66 140 20 144 161 169 37 0 96 8 65 134 48 131 
89 39 95 124 54 104 59 105 115 133 105 145 161 115 160 45 176 128 5 135 91 115 154 196 214 134 44 99 141 161 181 143 74 128 48 154 109 79 110 95 82 95 150 111 96 0 104 143 54 48 156 
82 132 11 98 140 100 102 42 45 29 80 42 152 96 123 65 118 171 101 36 16 180 87 163 176 161 113 177 74 94 133 188 145 180 62 100 7 74 148 19 153 170 177 40 8 104 0 64 143 56 136 
74 158 62 62 160 81 112 38 28 64 58 49 110 67 70 98 56 156 143 37 79 178 24 107 117 139 132 184 17 31 73 172 154 170 115 42 67 75 135 84 160 176 151 32 65 143 64 0 164 102 92 
93 15 132 123 4 98 53 129 138 173 111 181 142 113 156 78 180 87 60 168 135 64 167 184 203 100 32 45 156 172 179 99 28 81 99 160 150 89 76 140 33 42 113 136 134 54 143 164 0 92 143 
69 79 47 101 90 88 64 64 74 85 80 97 149 93 135 19 143 141 45 88 44 140 117 174 191 138 66 131 103 124 152 158 101 146 17 122 61 57 119 48 108 125 155 69 48 48 56 102 92 0 138 
70 147 127 39 138 52 98 94 92 150 59 140 19 44 26 122 56 88 159 125 145 122 72 40 60 65 119 139 74 70 44 98 120 105 156 52 142 81 77 151 121 131 70 97 131 156 136 92 143 138 0 
