50 20
230 969 190 637 247 396 512 559 652 220 928 149 367 881 601 288 309 363 207 678 350 214 661 883 350 573 577 242 889 706 225 658 815 717 504 675 710 478 823 821 515 100 941 145 838 152 510 778 58 816 
0 62 101 101 98 9 113 62 71 55 128 98 101 53 64 97 38 79 137 61 55 117 18 79 34 60 52 78 101 92 30 32 71 91 85 102 72 72 75 105 95 78 63 49 70 112 99 82 88 84 90 
62 0 125 141 36 70 59 82 52 49 159 153 44 71 41 61 47 118 199 116 113 145 60 70 75 8 61 140 128 122 63 43 91 107 101 73 111 77 92 107 36 21 103 111 57 98 155 124 147 21 52 
101 125 0 36 145 108 131 164 79 76 34 171 130 155 88 183 81 176 180 68 78 19 119 63 135 129 64 137 5 13 132 127 34 21 187 193 36 50 177 207 160 146 43 99 165 209 86 177 94 142 175 
101 141 36 0 167 105 159 162 104 96 32 150 155 154 109 194 94 165 150 48 59 30 119 91 131 144 82 114 30 26 131 132 55 53 184 201 30 75 174 206 178 162 39 81 170 213 52 165 64 161 186 
98 36 145 167 0 106 36 113 66 71 180 189 23 102 58 69 77 151 235 148 146 165 96 83 110 41 85 176 149 145 98 78 113 125 128 83 139 95 121 128 27 30 132 146 81 113 188 157 181 17 62 
9 70 108 105 106 0 122 57 81 65 133 88 109 49 73 98 47 70 129 62 54 122 15 89 27 66 62 70 107 97 26 34 79 99 79 102 77 81 69 101 101 84 68 44 69 109 97 73 85 91 92 
113 59 131 159 36 122 0 142 56 68 165 209 15 130 54 105 81 177 250 151 151 150 116 68 133 66 81 191 136 134 121 102 104 110 159 119 133 83 151 162 63 63 129 157 113 148 189 183 185 50 98 
62 82 164 162 113 57 142 0 120 107 190 88 127 11 110 68 92 39 145 116 107 179 44 134 30 75 110 93 164 154 32 44 133 153 23 63 134 130 12 44 94 82 125 90 37 58 147 46 132 95 66 
71 52 79 104 66 81 56 120 0 16 113 168 51 109 11 114 33 148 201 96 98 99 81 18 101 59 26 144 83 80 91 76 48 58 142 126 77 29 132 154 83 72 72 107 105 149 133 152 131 65 105 
55 49 76 96 71 65 68 107 16 0 110 152 61 96 14 109 17 133 185 82 83 96 66 26 86 53 14 128 79 74 77 63 43 58 129 119 68 28 120 143 84 69 61 91 96 140 120 137 117 65 100 
128 159 34 32 180 133 165 190 113 110 0 182 164 181 122 215 113 196 180 80 91 14 146 97 160 162 97 147 30 37 158 156 67 55 212 224 55 84 202 234 194 180 64 113 195 239 81 196 95 176 207 
98 153 171 150 189 88 209 88 168 152 182 0 196 94 162 157 135 53 58 103 93 178 94 174 79 148 146 35 168 157 91 110 153 171 93 152 135 162 90 119 177 162 129 72 125 141 109 47 91 172 154 
101 44 130 155 23 109 15 127 51 61 164 196 0 115 46 91 71 163 238 142 142 149 102 66 119 52 75 179 134 131 107 88 100 109 144 105 128 80 136 147 49 49 122 146 98 134 181 168 177 35 84 
53 71 155 154 102 49 130 11 109 96 181 94 115 0 98 63 81 49 149 110 102 170 35 122 25 63 99 95 155 145 23 32 123 143 33 60 126 120 23 52 85 72 117 86 30 61 143 55 128 84 59 
64 41 88 109 58 73 54 110 11 14 122 162 46 98 0 102 27 139 198 96 97 107 72 29 91 47 28 140 91 87 81 65 55 68 131 114 81 37 122 142 73 60 76 103 93 137 135 143 131 54 93 
97 61 183 194 69 98 105 68 114 109 215 157 91 63 102 0 102 107 212 159 152 202 83 132 85 55 119 157 185 178 76 65 149 166 73 14 163 137 70 63 42 44 155 142 32 44 196 114 184 56 8 
38 47 81 94 77 47 81 92 33 17 113 135 71 81 27 102 0 116 170 71 70 99 50 42 69 50 18 112 82 76 61 49 46 65 115 111 64 38 105 130 84 68 56 76 85 130 111 120 105 67 94 
79 118 176 165 151 70 177 39 148 133 196 53 163 49 139 107 116 0 112 116 106 188 66 159 47 111 132 70 174 164 57 75 149 169 39 101 142 152 37 65 134 121 133 84 76 87 138 6 121 133 106 
137 199 180 150 235 129 250 145 201 185 180 58 238 149 198 212 170 112 0 114 107 180 139 202 129 195 176 59 176 166 140 158 173 187 152 209 147 188 148 177 227 211 144 94 179 199 99 106 86 219 208 
61 116 68 48 148 62 151 116 96 82 80 103 142 110 96 159 71 116 114 0 10 74 77 91 86 116 69 68 65 54 88 93 58 72 137 163 33 75 128 161 152 135 29 33 131 171 39 116 35 137 151 
55 113 78 59 146 54 151 107 98 83 91 93 142 102 97 152 70 106 107 10 0 85 70 95 77 112 71 59 75 64 80 87 65 80 128 156 42 80 118 152 148 131 37 22 124 163 43 105 34 134 145 
117 145 19 30 165 122 150 179 99 96 14 178 149 170 107 202 99 188 180 74 85 0 135 83 149 148 83 142 16 24 147 144 53 40 202 211 45 70 192 222 180 166 54 107 182 227 82 188 94 162 193 
18 60 119 119 96 15 116 44 81 66 146 94 102 35 72 83 50 66 139 77 70 135 0 92 19 55 67 81 119 110 12 19 88 108 67 86 90 87 57 87 88 71 81 59 53 94 113 70 100 80 76 
79 70 63 91 83 89 68 134 18 26 97 174 66 122 29 132 42 159 202 91 95 83 92 0 112 77 27 147 67 66 103 90 37 42 156 143 68 16 146 170 102 90 65 108 122 166 126 162 126 83 123 
34 75 135 131 110 27 133 30 101 86 160 79 119 25 91 85 69 47 129 86 77 149 19 112 0 69 86 72 135 125 12 31 105 126 52 84 104 106 42 75 98 83 95 61 52 86 118 51 103 93 79 
60 8 129 144 41 66 66 75 59 53 162 148 52 63 47 55 50 111 195 116 112 148 55 77 69 0 65 135 132 125 57 37 95 111 93 66 113 82 85 99 36 19 105 109 49 90 155 117 146 24 46 
52 61 64 82 85 62 81 110 26 14 97 146 75 99 28 119 18 132 176 69 71 83 67 27 86 65 0 120 66 61 78 68 30 47 133 129 53 20 123 149 97 82 47 81 103 148 107 135 104 79 110 
78 140 137 114 176 70 191 93 144 128 147 35 179 95 140 157 112 70 59 68 59 142 81 147 72 135 120 0 133 123 83 100 122 138 106 156 101 134 100 133 169 152 95 39 124 151 74 66 56 160 152 
101 128 5 30 149 107 136 164 83 79 30 168 134 155 91 185 82 174 176 65 75 16 119 67 135 132 66 133 0 10 131 128 36 25 187 194 33 54 176 207 163 149 41 96 166 210 80 175 89 145 177 
92 122 13 26 145 97 134 154 80 74 37 157 131 145 87 178 76 164 166 54 64 24 110 66 125 125 61 123 10 0 122 119 31 27 177 186 22 51 167 198 158 143 30 86 158 202 73 165 80 140 170 
30 63 132 131 98 26 121 32 91 77 158 91 107 23 81 76 61 57 140 88 80 147 12 103 12 57 78 83 131 122 0 19 100 120 55 77 102 98 45 75 87 71 93 66 45 83 122 62 109 81 70 
32 43 127 132 78 34 102 44 76 63 156 110 88 32 65 65 49 75 158 93 87 144 19 90 31 37 68 100 128 119 19 0 94 113 66 69 102 88 56 80 69 52 93 78 38 82 131 80 119 62 58 
71 91 34 55 113 79 104 133 48 43 67 153 100 123 55 149 46 149 173 58 65 53 88 37 105 95 30 122 36 31 100 94 0 20 156 158 31 20 146 174 127 112 30 82 131 176 90 151 92 109 140 
91 107 21 53 125 99 110 153 58 58 55 171 109 143 68 166 65 169 187 72 80 40 108 42 126 111 47 138 25 27 120 113 20 0 176 176 40 30 166 194 141 127 43 99 150 195 97 171 103 122 157 
85 101 187 184 128 79 159 23 142 129 212 93 144 33 131 73 115 39 152 137 128 202 67 156 52 93 133 106 187 177 55 66 156 176 0 63 156 153 10 26 106 97 147 109 47 47 166 46 150 110 73 
102 73 193 201 83 102 119 63 126 119 224 152 105 60 114 14 111 101 209 163 156 211 86 143 84 66 129 156 194 186 77 69 158 176 63 0 171 147 63 50 57 57 162 144 32 29 199 107 186 70 21 
72 111 36 30 139 77 133 134 77 68 55 135 128 126 81 163 64 142 147 33 42 45 90 68 104 113 53 101 33 22 102 102 31 40 156 171 0 51 146 178 148 132 9 63 141 184 59 142 63 131 155 
72 77 50 75 95 81 83 130 29 28 84 162 80 120 37 137 38 152 188 75 80 70 87 16 106 82 20 134 54 51 98 88 20 30 153 147 51 0 143 169 111 97 48 94 123 168 110 154 110 92 128 
75 92 177 174 121 69 151 12 132 120 202 90 136 23 122 70 105 37 148 128 118 192 57 146 42 85 123 100 176 167 45 56 146 166 10 63 146 143 0 34 101 90 137 100 41 51 157 44 141 104 69 
105 107 207 206 128 101 162 44 154 143 234 119 147 52 142 63 130 65 177 161 152 222 87 170 75 99 149 133 207 198 75 80 174 194 26 50 178 169 34 0 103 98 169 134 49 25 192 71 176 111 66 
95 36 160 178 27 101 63 94 83 84 194 177 49 85 73 42 84 134 227 152 148 180 88 102 98 36 97 169 163 158 87 69 127 141 106 57 148 111 101 103 0 17 140 144 59 86 191 140 182 18 36 
78 21 146 162 30 84 63 82 72 69 180 162 49 72 60 44 68 121 211 135 131 166 71 90 83 19 82 152 149 143 71 52 112 127 97 57 132 97 90 98 17 0 124 127 50 85 174 127 165 13 36 
63 103 43 39 132 68 129 125 72 61 64 129 122 117 76 155 56 133 144 29 37 54 81 65 95 105 47 95 41 30 93 93 30 43 147 162 9 48 137 169 140 124 0 57 131 175 61 134 62 124 146 
49 111 99 81 146 44 157 90 107 91 113 72 146 86 103 142 76 84 94 33 22 107 59 108 61 109 81 39 96 86 66 78 82 99 109 144 63 94 100 134 144 127 57 0 111 147 57 83 42 133 136 
70 57 165 170 81 69 113 37 105 96 195 125 98 30 93 32 85 76 179 131 124 182 53 122 52 49 103 124 166 158 45 38 131 150 47 32 141 123 41 49 59 50 131 111 0 44 167 83 154 63 29 
112 98 209 213 113 109 148 58 149 140 239 141 134 61 137 44 130 87 199 171 163 227 94 166 86 90 148 151 210 202 83 82 176 195 47 29 184 168 51 25 86 85 175 147 44 0 204 94 190 98 50 
99 155 86 52 188 97 189 147 133 120 81 109 181 143 135 196 111 138 99 39 43 82 113 126 118 155 107 74 80 73 122 131 90 97 166 199 59 110 157 192 191 174 61 57 167 204 0 136 17 177 189 
82 124 177 165 157 73 183 46 152 137 196 47 168 55 143 114 120 6 106 116 105 188 70 162 51 117 135 66 175 165 62 80 151 171 46 107 142 154 44 71 140 127 134 83 83 94 136 0 118 139 112 
88 147 94 64 181 85 185 132 131 117 95 91 177 128 131 184 105 121 86 35 34 94 100 126 103 146 104 56 89 80 109 119 92 103 150 186 63 110 141 176 182 165 62 42 154 190 17 118 0 169 177 
84 21 142 161 17 91 50 95 65 65 176 172 35 84 54 56 67 133 219 137 134 162 80 83 93 24 79 160 145 140 81 62 109 122 110 70 131 92 104 111 18 13 124 133 63 98 177 139 169 0 48 
90 52 175 186 62 92 98 66 105 100 207 154 84 59 93 8 94 106 208 151 145 193 76 123 79 46 110 152 177 170 70 58 140 157 73 21 155 128 69 66 36 36 146 136 29 50 189 112 177 48 0 
