15 3
695 904 991 949 622 651 486 807 272 143 561 497 898 341 788 
0 116 94 64 62 96 36 41 120 91 98 96 89 124 62 93 
116 0 162 180 106 99 148 147 235 97 54 70 197 193 177 209 
94 162 0 109 156 74 113 63 152 182 114 100 72 31 93 127 
64 180 109 0 103 146 36 51 56 136 159 155 55 128 16 29 
62 106 156 103 0 138 67 102 149 32 118 125 146 186 110 128 
96 99 74 146 138 0 130 96 200 153 45 29 134 99 135 172 
36 148 113 36 67 130 0 50 87 100 134 133 81 139 43 63 
41 147 63 51 102 96 50 0 103 133 116 108 50 88 38 75 
120 235 152 56 149 200 87 103 0 180 215 210 81 162 64 27 
91 97 182 136 32 153 100 133 180 0 124 134 178 213 143 160 
98 54 114 159 118 45 134 116 215 124 0 16 162 143 152 188 
96 70 100 155 125 29 133 108 210 134 16 0 152 128 146 183 
89 197 72 55 146 134 81 50 81 178 162 152 0 80 40 60 
124 193 31 128 186 99 139 88 162 213 143 128 80 0 111 140 
62 177 93 16 110 135 43 38 64 143 152 146 40 111 0 37 
93 209 127 29 128 172 63 75 27 160 188 183 60 140 37 0 
