Objective value: 4430.0
Running time: 0.7360296249389648
Number of vehicles: 10
Solution: 
0 47 143 72 190 104 153 109 117 151 68 180 147 185 149 113 154 49 43 95 192 0 
0 191 188 21 20 93 99 40 55 16 24 200 11 78 171 144 18 84 100 0 
0 39 13 167 141 103 17 179 62 82 133 33 182 193 156 173 83 45 175 74 0 
0 70 157 75 92 183 145 186 2 139 138 199 164 14 125 111 22 0 
0 44 88 87 155 101 63 66 131 170 172 54 90 161 9 81 96 129 28 15 0 
0 19 181 80 102 48 108 86 118 163 98 65 120 34 107 112 50 58 105 57 130 37 41 0 
0 61 127 30 97 106 12 189 150 3 71 31 56 29 198 60 136 32 38 7 176 85 110 26 135 10 0 
0 132 160 5 178 184 51 76 162 27 91 123 126 194 148 116 122 169 42 196 114 35 0 
0 89 36 159 8 128 140 52 166 1 165 73 146 115 6 142 119 174 124 77 53 0 
0 94 197 121 23 69 195 25 137 158 79 152 177 134 4 64 67 59 168 46 187 0 
