Objective value: 4570.0
Running time: 0.594365119934082
Number of vehicles: 10
Solution: 
0 47 143 72 190 104 153 109 117 151 68 180 147 185 149 113 83 49 144 125 37 192 0 
0 191 63 66 131 170 172 193 148 164 65 95 105 57 130 107 100 0 
0 39 13 167 141 103 155 101 188 21 20 93 99 40 98 176 85 120 34 175 112 50 58 74 0 
0 70 157 75 92 23 69 195 138 199 182 116 122 45 18 111 22 0 
0 44 88 87 12 189 150 3 162 27 91 123 126 194 156 173 196 169 42 154 43 15 0 
0 19 160 5 178 184 51 76 48 108 86 118 163 134 4 64 67 59 78 114 41 0 
0 61 127 30 97 106 17 179 62 82 133 33 54 90 161 9 81 96 129 28 10 0 
0 132 181 80 102 71 31 56 29 198 60 73 146 7 14 171 84 110 26 135 35 0 
0 89 36 159 8 128 140 52 166 1 165 136 32 38 115 6 142 119 174 124 77 53 0 
0 94 197 121 183 145 186 2 139 25 137 158 79 152 177 55 16 24 200 11 168 46 187 0 
