Objective value: 3720.0
Running time: 1.725100040435791
Number of vehicles: 90
Solution: 
0 736 160 232 403 343 433 359 187 82 504 0 
0 398 154 882 748 27 230 605 183 123 382 0 
0 590 717 639 130 80 200 317 424 288 629 0 
0 577 112 175 828 346 750 861 482 118 774 0 
0 636 818 120 229 571 194 137 49 121 78 0 
0 780 105 622 562 773 258 226 820 715 262 0 
0 477 640 57 332 400 299 210 528 126 822 0 
0 267 542 9 201 323 799 408 585 305 701 0 
0 357 719 71 530 131 685 643 555 319 793 0 
0 814 141 69 239 830 103 459 862 245 162 0 
0 217 143 654 811 851 355 43 900 26 470 0 
0 19 256 54 635 146 191 401 10 390 502 0 
0 486 853 495 321 370 311 7 894 816 24 0 
0 744 244 412 249 650 498 695 333 454 235 0 
0 801 389 611 573 631 499 277 223 273 891 0 
0 31 364 313 97 438 759 802 208 237 166 0 
0 6 726 842 291 877 83 662 525 145 541 0 
0 866 354 310 460 720 352 290 442 672 579 0 
0 70 135 93 21 596 282 458 246 188 783 0 
0 769 391 461 733 388 638 508 228 699 655 0 
0 872 368 788 675 304 306 598 848 731 324 0 
0 2 778 896 471 560 791 406 656 710 709 0 
0 259 523 568 63 539 308 419 90 283 464 0 
0 657 716 501 518 558 507 181 473 809 753 0 
0 705 487 84 134 221 738 17 888 349 42 0 
0 365 845 336 474 64 859 297 823 886 883 0 
0 8 728 151 668 35 796 540 693 659 768 0 
0 821 776 165 404 628 11 15 795 159 608 0 
0 279 567 173 651 216 621 775 663 415 61 0 
0 761 293 463 399 554 260 758 144 248 66 0 
0 451 849 330 708 5 373 113 180 366 613 0 
0 377 834 739 582 65 294 53 545 658 449 0 
0 694 340 351 358 28 85 212 884 372 91 0 
0 741 519 448 167 240 812 37 328 467 520 0 
0 218 624 544 767 550 827 285 30 697 421 0 
0 345 157 252 344 843 429 522 435 648 535 0 
0 350 341 549 852 677 16 431 436 898 646 0 
0 696 580 678 405 265 895 669 68 711 718 0 
0 198 787 161 887 478 563 618 483 885 129 0 
0 238 425 468 312 637 870 746 889 423 561 0 
0 595 552 179 347 13 432 74 128 1 236 0 
0 23 867 854 465 450 360 124 338 534 779 0 
0 79 34 856 825 81 742 122 428 281 255 0 
0 430 362 804 476 427 835 455 627 536 375 0 
0 481 789 138 394 302 572 12 839 623 491 0 
0 747 418 581 20 51 674 94 205 594 475 0 
0 760 737 86 857 164 800 511 751 878 371 0 
0 443 698 626 367 472 171 331 706 817 270 0 
0 644 284 46 318 139 172 603 234 653 684 0 
0 798 107 700 850 689 838 832 858 119 873 0 
0 261 392 209 503 782 115 184 202 521 846 0 
0 376 606 543 147 620 566 808 813 289 287 0 
0 649 456 599 734 410 272 222 548 407 140 0 
0 810 25 829 586 457 163 274 494 505 584 0 
0 250 509 633 607 150 452 712 892 241 395 0 
0 275 704 190 314 142 593 182 527 496 133 0 
0 75 652 158 169 480 836 29 280 591 174 0 
0 99 794 538 876 632 416 847 439 833 546 0 
0 185 100 755 116 59 96 98 730 510 526 0 
0 422 195 589 155 661 517 680 225 893 667 0 
0 524 537 109 600 469 713 557 67 417 514 0 
0 679 383 379 766 48 763 40 356 617 610 0 
0 691 724 578 247 197 335 592 671 564 815 0 
0 806 630 47 792 841 125 278 3 641 369 0 
0 879 619 447 44 533 583 707 156 4 227 0 
0 77 770 186 484 52 219 765 722 315 104 0 
0 132 732 777 393 411 206 363 670 497 781 0 
0 196 127 819 334 807 837 110 434 152 203 0 
0 326 805 36 551 189 690 871 33 863 39 0 
0 396 108 516 756 570 725 102 874 18 207 0 
0 490 688 714 500 320 114 784 89 361 692 0 
0 92 211 243 426 515 831 269 72 199 414 0 
0 220 797 106 325 387 576 462 397 587 153 0 
0 529 743 384 875 664 601 790 609 170 266 0 
0 740 441 56 339 177 136 213 413 485 492 0 
0 745 192 683 402 723 615 682 489 73 735 0 
0 303 204 616 803 547 556 445 785 860 771 0 
0 374 178 565 268 625 493 666 642 322 754 0 
0 446 687 309 264 193 342 87 254 686 316 0 
0 602 479 749 231 327 242 58 721 614 101 0 
0 676 214 647 88 22 386 300 329 899 381 0 
0 764 855 506 864 38 453 409 149 880 762 0 
0 786 513 660 512 569 869 890 176 41 420 0 
0 224 45 574 466 378 380 553 702 385 62 0 
0 257 865 292 897 444 95 295 824 14 729 0 
0 307 681 772 60 55 440 50 868 665 844 0 
0 76 488 752 531 263 253 117 32 673 286 0 
0 251 276 612 559 703 348 215 337 437 575 0 
0 727 604 840 271 301 645 532 233 296 111 0 
0 826 353 588 148 881 168 298 597 634 757 0 
