Objective value: 4530.0
Running time: 0.4461836814880371
Number of vehicles: 10
Solution: 
0 47 143 72 190 104 153 109 117 151 68 180 147 185 149 113 154 49 42 83 192 0 
0 191 188 21 20 93 99 40 98 65 43 95 200 11 78 34 71 100 0 
0 39 13 167 141 103 155 101 63 66 131 170 172 193 156 173 196 64 4 9 37 74 0 
0 70 157 75 92 183 145 186 2 139 138 199 152 55 7 176 85 110 22 0 
0 44 88 87 12 189 158 79 182 116 177 134 148 164 14 171 18 84 15 0 
0 19 160 5 178 184 51 76 48 108 86 118 163 122 169 120 114 41 0 
0 61 127 30 97 106 17 179 62 82 133 33 54 90 161 59 81 96 129 28 10 0 
0 132 181 80 102 175 112 50 58 105 57 130 107 111 77 56 29 198 60 136 32 38 124 26 135 35 0 
0 89 36 159 8 128 140 52 166 1 165 73 146 115 6 142 119 174 16 24 125 31 53 0 
0 94 197 121 23 69 195 25 137 150 3 162 27 91 123 126 194 67 45 144 168 46 187 0 
