Objective value: 3780.0
Running time: 1.2712678909301758
Number of vehicles: 70
Solution: 
0 601 561 667 473 115 287 329 90 176 320 0 
0 298 566 570 91 83 10 623 170 117 431 0 
0 21 662 583 162 343 472 362 82 694 693 0 
0 275 629 577 238 507 568 124 299 310 283 0 
0 154 196 593 422 212 607 109 427 697 621 0 
0 383 292 130 192 594 309 141 345 301 184 0 
0 338 663 105 243 321 613 372 63 228 634 0 
0 505 136 488 222 457 402 653 337 58 668 0 
0 51 317 620 110 263 19 38 327 199 387 0 
0 153 442 260 57 470 66 687 434 565 211 0 
0 342 143 532 308 688 294 371 226 121 476 0 
0 494 370 610 300 340 376 484 486 325 406 0 
0 40 671 269 636 602 336 149 407 564 253 0 
0 493 424 676 213 556 632 449 254 416 158 0 
0 533 451 458 148 596 138 390 175 65 227 0 
0 664 515 491 151 207 35 542 168 554 425 0 
0 262 221 429 282 691 480 232 76 186 381 0 
0 530 608 12 562 99 438 182 559 388 239 0 
0 233 42 524 261 240 16 71 350 645 276 0 
0 134 573 41 563 635 666 544 397 6 647 0 
0 139 43 396 32 297 482 509 670 127 357 0 
0 572 578 303 326 646 361 463 453 250 393 0 
0 617 126 84 553 98 54 249 541 78 537 0 
0 9 60 88 349 31 604 49 152 567 614 0 
0 519 677 79 328 616 163 15 160 39 195 0 
0 492 28 179 540 171 520 72 205 690 526 0 
0 571 586 295 62 619 166 246 413 432 684 0 
0 234 401 359 190 188 622 101 551 550 460 0 
0 311 132 536 247 333 120 633 122 22 45 0 
0 369 235 389 102 575 630 522 435 546 353 0 
0 545 315 50 339 475 140 255 25 330 581 0 
0 626 517 700 373 202 363 558 256 13 409 0 
0 48 394 447 699 3 382 391 403 375 538 0 
0 103 500 241 398 378 465 185 657 209 644 0 
0 2 399 637 692 625 576 450 535 603 230 0 
0 237 483 417 145 26 569 528 502 257 579 0 
0 165 270 580 574 208 23 306 624 660 423 0 
0 443 511 33 679 245 219 129 206 504 18 0 
0 404 313 605 499 123 59 521 364 495 686 0 
0 281 501 590 498 503 446 648 477 631 8 0 
0 4 271 46 461 67 229 411 224 510 200 0 
0 258 514 592 86 466 414 652 197 104 96 0 
0 341 331 615 513 47 351 385 55 539 642 0 
0 490 347 319 183 307 189 181 70 252 479 0 
0 650 395 680 318 547 68 56 598 611 455 0 
0 187 656 17 469 296 651 358 106 36 133 0 
0 314 210 496 289 675 643 512 174 100 201 0 
0 478 167 678 137 379 444 418 5 527 113 0 
0 641 216 552 218 689 529 683 448 225 284 0 
0 61 599 508 24 543 589 119 471 30 585 0 
0 135 685 191 441 92 452 161 305 156 242 0 
0 142 405 204 173 332 456 419 14 214 107 0 
0 147 555 251 172 454 584 223 259 639 52 0 
0 248 73 74 518 487 346 53 638 85 94 0 
0 264 324 215 474 80 467 549 673 672 278 0 
0 698 265 421 95 144 481 531 112 150 128 0 
0 440 597 439 177 116 69 582 348 400 178 0 
0 695 658 1 609 367 64 272 108 268 595 0 
0 20 384 489 114 525 428 244 44 169 557 0 
0 236 29 293 696 587 665 274 11 462 194 0 
0 335 420 534 89 410 588 344 355 193 34 0 
0 356 266 468 280 7 27 649 412 302 654 0 
0 408 640 612 81 159 285 459 377 380 291 0 
0 560 365 426 374 627 485 506 464 415 368 0 
0 628 323 312 523 334 286 497 277 97 157 0 
0 661 203 392 118 111 516 591 436 354 164 0 
0 37 430 386 146 548 304 366 217 322 360 0 
0 273 220 606 674 180 288 618 437 231 77 0 
0 655 131 600 290 198 445 155 267 682 681 0 
0 125 433 87 669 659 93 75 279 352 316 0 
