Objective value: 3510.0
Running time: 0.7416083812713623
Number of vehicles: 40
Solution: 
0 187 225 157 55 117 302 91 247 363 316 396 195 67 0 
0 313 335 243 314 173 355 383 328 0 
0 2 19 189 289 369 154 166 151 185 79 376 101 95 0 
0 3 17 232 384 352 339 51 230 174 336 398 283 10 274 0 
0 149 155 163 13 29 242 203 368 266 308 324 0 
0 183 80 116 4 265 304 261 244 358 345 0 
0 294 38 284 354 182 370 39 305 381 270 73 0 
0 362 82 20 35 209 156 317 330 197 280 372 371 0 
0 64 296 238 99 97 397 167 307 329 48 276 0 
0 85 360 221 134 100 12 60 210 250 0 
0 386 70 180 63 133 385 21 378 260 0 
0 87 52 256 204 275 125 92 143 295 0 
0 259 351 282 131 172 318 49 399 178 107 16 43 0 
0 207 262 34 124 144 337 380 31 216 255 375 170 0 
0 200 233 9 366 142 347 42 126 8 217 0 
0 254 136 373 331 286 110 66 229 41 0 
0 343 44 161 57 281 109 0 
0 312 236 246 83 249 309 382 267 0 
0 81 191 258 75 364 153 118 269 0 
0 59 102 176 374 7 218 196 115 141 395 322 297 0 
0 278 287 22 303 53 171 271 164 179 104 112 257 132 0 
0 361 333 342 54 65 76 199 135 103 0 
0 392 245 27 186 240 300 348 310 169 0 
0 37 226 228 90 208 272 359 114 306 123 137 391 1 50 0 
0 148 129 334 111 291 175 0 
0 11 315 159 212 68 181 202 311 84 298 188 0 
0 89 263 58 193 251 388 160 62 213 215 394 340 14 127 0 
0 139 357 69 353 30 121 211 56 0 
0 279 379 252 223 6 273 319 0 
0 253 47 387 23 241 150 344 24 162 5 201 0 
0 299 138 74 235 119 227 338 108 350 0 
0 145 206 128 165 377 224 400 190 264 320 194 393 106 0 
0 219 122 205 93 214 140 285 327 0 
0 346 239 15 268 72 98 293 18 0 
0 25 88 152 61 168 184 192 0 
0 28 325 237 220 86 0 
0 147 120 78 177 332 26 32 40 389 367 0 
0 198 105 94 234 277 36 77 130 158 323 301 326 248 231 341 0 
0 365 349 356 288 390 96 222 292 0 
0 45 290 46 71 33 146 321 113 0 
