Objective value: 3490.0
Running time: 0.9296176433563232
Number of vehicles: 50
Solution: 
0 180 137 262 235 402 92 113 0 
0 449 477 316 141 267 217 0 
0 105 44 244 57 347 450 325 293 0 
0 227 67 346 304 419 260 168 486 245 0 
0 145 232 473 77 305 342 49 0 
0 106 135 223 19 75 354 74 414 258 64 268 406 412 122 31 23 0 
0 1 182 428 242 338 0 
0 143 34 405 3 248 448 241 488 0 
0 162 324 291 147 90 91 355 220 496 478 380 39 40 0 
0 256 228 104 42 451 357 318 459 0 
0 4 15 343 150 469 362 399 21 189 0 
0 240 123 52 28 443 474 13 196 6 398 172 0 
0 173 272 146 321 378 374 482 37 465 70 236 0 
0 285 292 288 436 164 194 166 253 0 
0 387 157 445 320 10 457 60 309 395 0 
0 297 250 497 48 394 66 364 103 0 
0 81 500 254 490 175 463 83 61 407 416 418 283 85 131 161 0 
0 360 389 8 439 280 100 127 452 0 
0 185 454 336 58 298 483 190 177 363 0 
0 86 54 444 219 400 36 257 0 
0 154 393 107 335 458 396 341 138 29 102 238 453 0 
0 163 110 97 411 344 68 370 178 390 0 
0 38 310 188 210 93 115 495 0 
0 289 134 313 266 261 460 126 169 274 2 0 
0 25 191 200 358 299 413 181 116 120 0 
0 133 349 222 216 287 480 45 225 130 0 
0 259 384 129 372 494 437 352 0 
0 434 80 128 278 296 142 33 429 348 421 430 426 0 
0 475 353 79 30 329 72 5 270 303 385 0 
0 59 11 381 271 208 265 427 425 255 9 27 0 
0 246 144 73 284 397 442 63 56 214 165 295 98 0 
0 46 491 237 174 124 438 373 447 226 0 
0 82 301 65 404 24 207 282 99 327 424 149 218 263 0 
0 109 94 281 273 247 47 249 319 0 
0 76 322 204 456 155 382 215 234 184 206 0 
0 121 339 139 136 233 446 213 229 409 117 489 0 
0 275 18 423 159 391 167 359 224 376 0 
0 276 53 26 306 417 410 392 470 375 84 12 0 
0 264 16 89 96 435 432 152 279 331 311 202 350 132 243 0 
0 345 88 461 199 369 211 476 337 51 87 0 
0 422 71 187 365 317 286 111 171 125 0 
0 441 153 7 14 401 156 315 221 386 140 0 
0 492 433 151 467 330 186 472 251 239 101 487 160 0 
0 192 328 114 479 431 371 50 252 302 499 377 0 
0 312 148 69 334 367 484 158 230 231 0 
0 388 383 307 415 368 118 277 203 35 55 0 
0 209 290 198 78 481 485 326 314 294 201 43 0 
0 332 366 176 17 20 183 323 269 308 333 62 119 193 361 379 493 0 
0 455 170 300 95 498 351 195 471 212 179 340 468 0 
0 22 464 462 112 440 420 108 403 466 356 41 408 205 32 197 0 
