Objective value: 3460.0
Running time: 1.8370840549468994
Number of vehicles: 90
Solution: 
0 736 818 513 708 131 827 431 176 617 860 793 42 0 
0 398 640 543 148 723 444 615 298 597 0 
0 590 364 749 330 44 200 511 274 494 642 305 371 140 0 
0 577 849 399 550 212 884 288 415 594 61 0 
0 636 160 354 362 804 562 426 831 557 839 722 152 0 
0 780 728 896 106 500 191 335 359 455 32 673 502 395 203 754 844 0 
0 477 463 767 5 517 49 809 464 0 
0 267 853 47 247 427 263 458 187 3 671 188 564 883 873 369 0 
0 357 704 582 438 661 852 182 333 225 497 0 
0 814 441 854 56 465 339 139 193 136 122 338 413 0 
0 217 523 353 312 402 355 95 682 233 0 
0 19 743 612 334 81 378 453 269 439 534 0 
0 486 293 530 554 115 317 184 424 248 541 526 111 0 
0 744 719 341 178 626 97 65 171 890 878 235 420 0 
0 801 34 733 664 380 858 672 492 0 
0 31 195 660 766 625 493 758 707 144 373 53 555 545 121 349 0 
0 6 154 624 681 777 651 216 621 808 183 731 0 
0 866 461 318 807 669 215 68 0 
0 70 855 186 346 515 861 462 715 241 686 0 
0 769 678 264 429 228 0 
0 872 487 84 116 637 59 725 17 888 26 0 
0 2 105 789 175 239 720 416 847 609 129 0 
0 259 108 134 221 870 746 532 473 0 
0 657 606 788 811 240 528 670 0 
0 705 143 179 851 96 43 205 0 
0 365 619 544 379 512 164 614 41 520 287 757 0 
0 8 141 752 370 750 272 406 118 623 485 709 0 
0 821 622 243 325 560 258 226 482 417 437 491 414 0 
0 279 192 518 877 51 301 507 645 662 181 102 848 0 
0 761 135 495 714 321 773 320 311 820 587 718 153 0 
0 451 9 635 792 457 125 627 823 701 584 227 39 0 
0 377 383 351 11 16 15 180 366 470 575 0 
0 694 567 448 748 27 400 37 90 822 0 
0 741 732 229 142 85 137 680 208 706 817 735 0 
0 218 244 340 120 190 249 314 650 55 566 386 40 454 449 0 
0 345 389 770 599 830 387 576 7 548 885 255 0 
0 350 336 586 841 297 585 246 82 886 66 815 846 133 101 0 
0 696 778 488 734 410 835 253 117 361 504 162 24 174 610 729 0 
0 198 580 284 252 309 850 559 480 540 428 0 
0 238 425 865 675 304 738 295 824 0 
0 595 805 882 647 167 803 881 900 0 
0 23 391 668 177 452 348 712 435 892 0 
0 79 161 887 478 563 765 67 648 0 
0 430 54 21 146 592 89 536 641 880 262 579 514 762 0 
0 481 630 130 533 583 505 4 382 496 629 324 270 0 
0 747 568 616 147 13 168 98 328 730 0 
0 760 717 479 358 571 556 605 663 785 771 0 
0 443 829 474 64 163 390 774 783 104 0 
0 644 276 574 169 796 790 273 0 
0 798 787 46 864 219 110 434 699 0 
0 261 412 772 60 411 440 527 289 0 
0 376 368 604 581 516 271 570 674 489 0 
0 649 456 611 109 460 632 277 223 711 535 266 0 
0 810 232 476 596 282 278 385 375 546 0 
0 250 107 687 158 265 360 832 254 0 
0 275 313 589 472 419 329 893 0 
0 75 867 127 344 843 172 508 234 0 
0 99 25 565 268 782 800 869 113 795 202 18 421 0 
0 185 468 551 230 189 432 690 74 871 33 0 
0 422 698 639 209 404 155 628 677 685 802 300 436 237 423 0 
0 524 112 797 828 302 791 397 833 315 779 207 62 0 
0 679 776 392 549 857 327 260 242 666 156 665 296 613 781 0 
0 691 69 471 197 114 10 894 407 591 316 0 
0 806 71 578 201 231 569 285 30 372 1 510 899 236 0 
0 879 542 724 403 531 433 401 784 816 119 199 891 0 
0 77 794 573 572 12 442 281 768 0 
0 132 165 447 503 80 28 294 331 159 697 73 0 
0 196 633 405 607 450 836 124 29 280 0 
0 326 834 57 292 63 88 547 22 308 206 50 283 166 667 0 
0 396 842 588 739 48 759 643 868 126 0 
0 490 256 688 394 459 656 170 684 0 
0 92 310 631 290 702 0 
0 220 211 538 876 499 222 483 710 653 0 
0 529 537 506 38 838 409 149 0 
0 740 151 484 352 713 862 245 655 692 0 
0 745 418 654 840 756 306 94 889 0 
0 303 173 393 194 695 319 467 561 0 
0 374 737 86 367 763 356 898 634 0 
0 446 652 700 825 875 466 35 689 638 742 522 213 0 
0 602 93 343 799 408 58 721 322 608 753 646 381 0 
0 676 204 36 347 299 363 123 0 
0 764 45 856 600 469 52 601 553 337 0 
0 786 323 859 658 91 286 0 
0 224 509 819 150 837 603 693 0 
0 257 726 552 683 897 812 775 813 475 0 
0 307 214 332 620 210 128 145 0 
0 76 845 138 103 618 72 659 0 
0 251 157 384 388 703 895 342 87 0 
0 727 716 100 501 755 291 20 558 83 598 525 874 0 
0 826 519 539 498 593 445 751 521 863 78 14 0 
