Objective value: 4980.0
Running time: 0.5601823329925537
Number of vehicles: 10
Solution: 
0 47 143 181 87 141 92 23 183 145 186 195 162 62 82 66 131 158 171 0 
0 191 8 128 10 71 74 60 136 175 34 112 50 58 105 96 168 114 9 55 164 64 154 196 0 
0 39 157 178 20 104 184 93 40 192 38 120 37 123 126 163 133 67 14 0 
0 70 188 127 21 80 97 106 153 51 17 76 179 48 46 151 68 33 180 138 152 45 0 
0 44 140 53 31 41 146 115 26 85 77 107 130 16 161 172 54 185 113 173 83 0 
0 19 5 159 52 166 56 29 15 124 135 6 174 142 119 22 81 78 4 200 59 125 0 
0 61 13 72 167 190 103 155 101 69 63 25 2 170 137 139 116 156 122 169 0 
0 132 36 30 102 99 98 28 32 65 194 147 177 90 134 148 24 144 42 0 
0 89 160 187 35 1 165 198 73 7 176 110 100 57 111 129 84 95 18 11 43 0 
0 94 88 197 75 121 12 189 150 109 3 117 108 86 118 27 91 79 199 182 193 149 49 0 
