Objective value: 3540.0
Running time: 0.4199700355529785
Number of vehicles: 20
Solution: 
0 196 123 15 195 126 184 179 48 56 148 0 
0 43 62 102 96 1 170 154 0 
0 35 144 51 10 49 172 0 
0 23 105 139 161 47 166 132 95 72 0 
0 124 181 24 97 2 199 190 111 151 114 0 
0 194 20 6 188 167 197 108 165 52 0 
0 61 42 36 12 93 127 160 53 0 
0 81 128 89 186 67 149 140 198 74 75 0 
0 125 178 4 169 11 19 65 155 168 137 187 14 0 
0 33 26 152 71 174 134 55 90 57 32 0 
0 45 164 109 162 5 78 113 88 21 189 63 153 117 0 
0 69 147 101 135 79 31 91 13 41 22 0 
0 115 138 136 85 150 66 157 16 17 0 
0 3 94 76 173 28 182 193 131 98 177 0 
0 39 120 25 176 159 44 129 59 40 112 146 0 
0 104 122 58 130 68 92 180 158 116 18 60 185 163 84 0 
0 191 175 106 83 145 192 142 29 118 121 99 0 
0 54 107 77 70 171 200 7 0 
0 73 8 119 87 100 37 64 38 103 34 50 86 9 0 
0 46 80 133 30 27 156 183 110 143 82 141 0 
