Objective value: 3520.0
Running time: 1.9499118328094482
Number of vehicles: 100
Solution: 
0 382 900 996 598 473 852 776 338 342 305 39 501 708 0 
0 123 703 639 544 817 323 761 437 503 538 82 483 635 0 
0 692 617 643 392 226 667 740 0 
0 313 225 774 112 910 181 238 409 868 205 403 211 475 0 
0 194 698 106 693 164 81 354 880 168 599 705 669 300 934 525 0 
0 674 760 49 394 299 627 74 771 0 
0 479 140 745 653 638 896 1000 335 485 0 
0 808 495 788 467 735 702 55 113 0 
0 739 605 613 162 706 820 319 807 656 8 836 697 0 
0 805 784 753 611 28 998 795 416 0 
0 870 317 997 699 86 176 213 655 0 
0 20 1 60 306 494 964 990 515 89 924 0 
0 470 510 94 928 151 854 782 184 512 0 
0 649 258 518 263 531 882 949 0 
0 892 865 527 17 975 235 844 75 546 803 722 591 554 513 0 
0 425 414 679 665 770 444 524 811 360 183 144 0 
0 676 999 347 67 547 241 511 375 233 0 
0 721 303 204 879 234 133 445 374 91 407 0 
0 779 402 972 713 472 87 980 480 395 0 
0 781 367 725 481 888 54 0 
0 985 198 432 943 104 212 0 
0 716 875 630 637 200 724 572 584 988 678 859 616 0 
0 52 139 351 366 452 956 257 66 519 681 528 0 
0 314 834 830 6 230 929 514 0 
0 738 353 229 835 378 670 539 134 633 863 688 0 
0 848 589 269 626 141 764 373 331 386 799 694 453 793 570 99 0 
0 908 419 984 889 155 327 426 911 273 19 813 840 259 287 0 
0 967 933 560 456 118 215 569 872 441 405 0 
0 2 209 150 786 588 677 957 594 0 
0 143 220 147 232 662 747 350 387 197 748 529 292 0 
0 173 750 974 427 778 916 816 890 195 493 553 585 0 
0 253 537 673 981 986 558 696 128 0 
0 846 623 160 295 645 252 359 348 431 334 370 535 131 0 
0 899 271 203 968 851 439 0 
0 30 73 146 690 190 435 785 246 0 
0 804 684 170 592 932 130 188 428 285 0 
0 384 474 90 711 64 434 953 0 
0 818 828 783 281 648 438 609 344 88 0 
0 800 561 769 484 731 845 0 
0 904 675 179 381 534 970 766 122 814 0 
0 280 884 556 744 767 983 132 51 994 860 749 243 826 12 421 356 825 615 0 
0 654 371 345 16 261 0 
0 709 927 228 842 297 587 969 601 520 950 763 982 824 267 324 0 
0 746 867 13 398 935 418 251 0 
0 754 278 58 976 171 568 0 
0 806 240 294 723 97 608 430 311 0 
0 877 743 396 640 307 532 388 505 0 
0 920 658 192 442 231 22 286 53 40 222 288 390 657 912 102 121 0 
0 728 576 107 506 883 95 823 117 282 577 0 
0 897 597 661 159 486 552 289 540 0 
0 952 891 710 142 10 424 0 
0 115 973 822 596 361 809 274 454 0 
0 582 962 48 71 619 625 509 0 
0 567 765 154 543 925 440 149 397 578 821 0 
0 631 362 566 869 580 955 325 463 126 0 
0 812 885 62 526 422 915 23 790 408 227 704 714 557 574 187 217 0 
0 38 741 886 399 488 798 548 530 508 0 
0 127 256 946 715 465 250 0 
0 156 759 266 768 14 521 712 909 363 186 262 174 489 0 
0 202 963 43 77 792 921 316 208 874 125 0 
0 318 18 902 270 136 372 436 618 185 172 265 701 298 201 0 
0 797 853 322 429 27 937 290 838 522 0 
0 958 411 446 72 913 856 668 468 492 752 583 0 
0 35 377 248 330 329 545 0 
0 166 333 586 593 108 660 4 945 37 671 0 
0 320 401 223 332 903 158 57 542 680 758 364 600 0 
0 352 602 775 277 340 839 0 
0 358 497 116 447 906 96 400 153 571 0 
0 413 993 178 417 837 644 652 383 365 0 
0 895 293 907 420 737 45 42 607 368 954 76 0 
0 947 979 550 517 940 831 718 301 315 873 0 
0 193 730 978 948 283 942 991 559 620 180 881 650 0 
0 206 647 810 500 272 961 736 29 733 346 0 
0 729 157 562 98 443 3 871 7 0 
0 841 148 214 575 727 923 832 462 255 0 
0 34 642 379 682 291 987 111 876 0 
0 464 349 244 951 451 433 621 357 628 406 224 664 385 0 
0 666 260 581 862 245 410 33 922 507 0 
0 685 355 564 264 423 129 541 604 641 989 482 152 504 687 0 
0 24 551 855 21 167 218 819 138 672 59 887 221 651 0 
0 70 732 236 772 849 328 944 163 498 622 773 0 
0 105 25 26 369 843 549 65 471 0 
0 199 31 196 312 389 606 787 83 917 905 237 700 207 0 
0 308 878 663 496 135 796 457 279 219 120 169 893 0 
0 691 563 44 573 918 247 707 0 
0 938 182 829 254 11 137 941 124 449 939 751 321 466 858 0 
0 92 756 61 80 689 815 847 110 191 502 284 210 914 268 898 931 0 
0 276 719 41 165 63 477 0 
0 490 84 36 380 612 720 590 802 487 992 0 
0 603 959 894 376 326 555 926 103 101 536 0 
0 614 412 304 461 624 833 459 919 777 960 794 565 69 695 0 
0 717 404 995 478 242 659 341 189 114 516 0 
0 742 965 85 499 32 966 632 415 275 523 145 0 
0 801 9 636 100 455 393 610 850 109 239 119 0 
0 936 56 857 634 762 177 971 5 791 755 0 
0 977 68 686 460 901 533 646 448 391 79 339 0 
0 46 249 337 861 726 161 296 491 15 343 0 
0 93 302 175 78 629 476 50 336 469 864 0 
0 450 595 780 309 734 683 216 47 0 
0 789 310 757 866 827 458 579 930 0 
