Objective: 4530
Time: 187.84866189956665
10
22
0 47 143 72 190 75 92 183 145 186 2 139 138 199 182 116 122 169 42 83 192 0
18
0 191 188 21 20 93 99 40 81 96 129 57 125 111 130 107 100 0
22
0 39 13 167 141 103 155 101 63 66 131 170 172 193 156 173 164 45 144 37 74 0
20
0 70 157 104 153 109 117 151 68 180 147 185 149 113 154 49 43 95 22 0
22
0 44 88 87 12 189 150 3 162 27 91 123 126 194 148 196 14 171 18 84 15 0
22
0 19 160 5 178 184 51 76 48 108 86 118 163 55 16 24 200 11 78 114 41 0
22
0 61 127 30 97 106 17 179 62 82 133 33 54 90 161 9 98 60 105 28 10 0
28
0 132 181 80 102 71 31 56 29 198 65 120 34 175 112 50 58 136 32 38 7 176 85 110 26 135 35 0
22
0 89 36 159 8 128 140 52 166 1 165 73 146 115 6 142 119 174 124 77 53 0
22
0 94 197 121 23 69 195 25 137 158 79 152 177 134 4 64 67 59 168 46 187 0
