Objective: 3510
Time: 205.2251204776764
20
10
0 15 195 126 184 179 48 56 148 0
9
0 43 62 102 96 1 170 154 0
12
0 35 144 51 183 110 143 157 190 2 172 0
10
0 61 186 67 149 140 132 95 72 0
11
0 73 123 8 119 49 151 16 198 114 0
11
0 194 20 6 188 167 197 108 165 52 0
8
0 23 77 156 166 112 53 0
13
0 81 128 89 42 85 150 66 82 111 74 75 0
14
0 125 178 4 169 11 19 65 155 168 137 187 14 0
12
0 33 26 152 71 174 134 55 90 57 32 0
13
0 45 164 5 78 113 88 21 189 63 153 117 0
12
0 69 147 101 135 79 31 91 13 41 22 0
13
0 115 105 139 133 30 27 83 145 192 142 17 0
12
0 3 94 76 173 28 182 193 131 98 177 0
12
0 39 120 138 136 106 70 12 93 171 146 0
15
0 104 122 58 68 92 180 158 116 18 60 185 163 84 0
9
0 191 175 36 29 118 121 99 0
16
0 54 107 25 176 159 44 129 59 40 127 160 200 7 130 0
15
0 124 87 109 162 100 37 64 38 103 34 50 86 9 0
13
0 46 80 161 47 10 181 24 97 199 141 196 0
