Objective value: 3690.0
Running time: 0.816211462020874
Number of vehicles: 100
Solution: 
0 382 225 347 693 910 132 880 749 868 826 0 
0 123 703 61 270 783 242 341 980 625 174 0 
0 692 73 903 907 976 737 331 799 696 633 0 
0 313 414 684 48 108 592 4 914 923 466 0 
0 194 698 106 772 72 393 856 776 937 290 0 
0 674 495 566 299 447 702 33 434 113 431 172 391 131 0 
0 479 617 562 883 392 117 608 620 681 876 0 
0 808 760 271 661 6 142 888 418 114 859 0 
0 739 605 828 630 235 624 284 945 268 529 0 
0 805 623 148 451 894 645 798 874 540 285 0 
0 870 157 178 417 573 644 261 740 111 121 0 
0 20 865 586 433 544 165 437 82 370 298 0 
0 470 402 244 203 277 74 545 935 15 509 616 0 
0 649 979 474 248 831 718 325 507 755 255 0 
0 892 1 959 499 11 429 915 23 408 704 0 
0 425 900 996 829 422 866 827 439 183 197 722 0 
0 676 999 853 526 847 660 348 149 782 807 0 
0 721 419 984 879 141 547 944 426 669 12 0 
0 779 18 17 593 637 281 648 326 926 79 0 
0 781 220 62 162 71 659 619 438 265 858 0 
0 985 401 25 26 723 97 282 845 881 169 0 
0 716 927 36 842 137 75 168 520 227 714 0 
0 52 355 58 673 541 989 638 890 504 134 0 
0 314 510 404 713 494 964 63 483 535 982 0 
0 738 658 353 745 234 653 42 657 912 773 0 
0 848 278 312 787 946 843 905 872 758 403 0 
0 908 139 150 997 823 736 871 7 213 356 0 
0 967 576 107 500 961 3 383 346 102 485 0 
0 2 209 198 44 443 534 731 441 954 19 0 
0 143 756 768 726 762 177 406 54 480 523 0 
0 173 371 146 309 369 942 991 465 493 211 0 
0 253 9 551 446 455 764 558 368 364 887 0 
0 846 765 228 112 983 51 241 468 492 838 0 
0 899 963 260 77 476 307 96 153 37 763 0 
0 30 31 427 100 981 167 386 694 1000 934 0 
0 804 962 182 322 844 124 546 820 811 802 0 
0 384 362 43 940 330 580 340 416 832 395 0 
0 818 412 679 767 835 852 327 409 273 300 0 
0 800 993 256 690 283 956 66 152 128 99 0 
0 904 192 878 496 155 218 896 453 793 122 0 
0 280 884 269 626 361 457 850 109 511 39 0 
0 654 303 236 855 133 986 279 672 219 501 0 
0 709 140 686 254 747 524 449 459 448 656 0 
0 746 602 467 869 410 329 55 385 103 824 0 
0 754 750 389 948 53 257 559 216 47 688 0 
0 806 240 933 95 226 943 247 594 471 221 0 
0 877 834 719 757 921 458 400 851 609 960 0 
0 920 442 204 229 328 378 860 911 305 557 0 
0 728 317 810 98 484 970 733 785 335 421 0 
0 897 49 597 775 481 552 491 5 701 144 0 
0 952 527 154 543 399 151 503 189 428 671 0 
0 115 223 780 379 420 482 390 519 528 600 0 
0 582 68 85 380 297 901 599 705 590 813 0 
0 567 875 94 815 110 712 727 724 939 591 0 
0 631 56 867 611 263 968 971 424 186 267 0 
0 812 885 304 461 575 87 854 334 184 88 0 
0 38 249 160 634 486 628 469 477 397 931 0 
0 127 564 822 67 796 373 607 91 553 574 0 
0 156 759 861 13 50 906 795 771 515 8 0 
0 202 310 116 78 640 998 315 126 360 836 0 
0 318 333 80 214 478 252 538 530 751 924 0 
0 797 84 774 164 181 994 238 243 342 487 0 
0 958 589 636 129 604 816 809 65 570 825 0 
0 35 550 517 711 627 295 817 323 618 89 201 0 
0 166 349 951 521 372 10 791 185 555 262 516 0 
0 320 561 506 588 118 569 957 430 239 207 0 
0 352 258 725 862 28 301 388 505 344 565 0 
0 358 367 753 792 398 531 224 949 462 69 0 
0 413 647 294 837 699 435 542 180 119 475 0 
0 895 293 158 560 190 682 549 212 752 522 0 
0 947 788 90 735 64 955 873 953 508 145 0 
0 193 537 978 57 916 715 683 176 407 583 0 
0 206 332 264 286 917 222 288 987 120 794 0 
0 729 196 606 83 734 171 291 700 687 454 0 
0 841 497 857 161 296 230 882 514 512 339 0 
0 34 675 643 179 16 29 577 568 59 840 0 
0 464 743 639 922 463 839 101 554 0 
0 666 302 830 159 316 208 929 864 898 992 0 
0 685 730 22 596 21 819 138 670 163 259 0 
0 24 973 351 778 452 445 374 274 622 893 0 
0 70 411 889 770 81 354 720 790 748 292 0 
0 105 595 786 456 215 918 766 311 375 187 0 
0 199 974 423 366 40 86 237 405 498 525 0 
0 308 556 663 135 641 45 680 195 863 707 0 
0 691 563 769 432 677 667 104 246 233 615 0 
0 938 613 306 928 706 502 210 363 988 697 0 
0 92 266 710 621 472 359 343 578 324 0 
0 276 891 972 170 925 440 130 188 584 708 0 
0 490 902 975 136 436 932 909 990 275 513 0 
0 603 60 689 662 941 350 387 572 919 821 0 
0 614 732 598 473 444 612 27 415 950 217 0 
0 717 394 518 886 966 632 533 695 0 
0 742 147 232 460 191 200 833 646 777 585 0 
0 801 231 744 849 913 610 668 338 205 651 0 
0 936 741 14 995 488 376 548 125 321 489 0 
0 977 965 665 32 587 969 601 803 319 814 0 
0 46 337 396 41 357 761 289 251 536 287 0 
0 93 784 175 629 336 532 664 571 678 650 0 
0 450 642 345 272 381 652 365 250 539 76 0 
0 789 377 581 245 579 930 635 655 0 
