Objective value: 3750.0
Running time: 0.2839984893798828
Number of vehicles: 40
Solution: 
0 187 129 342 46 338 113 322 266 316 0 
0 313 245 44 161 390 240 6 66 292 73 0 
0 2 263 234 282 172 29 179 104 293 18 0 
0 3 19 70 289 4 166 214 203 368 329 0 
0 149 102 296 131 154 271 115 153 118 217 0 
0 183 360 189 7 204 302 242 216 363 376 0 
0 294 155 374 116 55 249 364 168 378 295 0 
0 362 379 165 251 353 241 121 162 41 127 0 
0 64 226 228 77 354 323 174 181 202 261 0 
0 85 351 277 369 99 265 151 185 397 244 0 
0 386 80 52 256 142 152 61 199 285 327 0 
0 87 38 163 13 182 370 301 326 381 391 0 
0 259 233 157 124 337 347 42 126 257 308 0 
0 207 262 22 53 171 196 382 210 8 311 0 
0 200 236 191 258 83 75 385 395 269 250 0 
0 254 335 356 173 57 220 300 273 319 341 0 
0 343 82 120 272 339 26 123 280 14 201 0 
0 312 333 246 134 100 309 76 350 297 375 0 
0 81 105 69 159 160 230 394 336 248 1 0 
0 59 94 90 384 332 30 330 56 169 276 0 
0 278 138 239 15 12 60 98 267 103 324 0 
0 361 287 303 180 63 164 141 21 260 84 0 
0 392 136 373 377 224 383 320 310 328 50 0 
0 37 357 193 388 212 114 197 393 372 107 0 
0 148 88 235 71 54 111 291 175 143 48 0 
0 11 206 387 209 359 306 32 389 283 178 0 
0 89 58 252 23 156 317 344 194 367 298 0 
0 139 325 232 130 158 68 39 305 270 396 0 
0 279 349 27 331 355 96 281 222 211 358 0 
0 253 47 314 237 286 110 86 109 371 195 0 
0 299 221 74 268 72 65 108 135 255 101 0 
0 145 17 78 177 51 215 340 398 231 16 0 
0 219 122 36 238 318 97 49 304 399 95 0 
0 346 176 366 218 93 133 125 92 167 345 0 
0 25 290 334 227 119 33 146 321 184 79 132 0 
0 28 128 35 223 400 150 24 106 10 188 0 
0 147 243 288 186 190 264 348 229 137 170 0 
0 198 315 284 205 380 31 91 247 307 67 0 
0 365 20 208 352 62 213 40 5 274 43 0 
0 45 225 9 34 144 117 275 140 112 192 0 
