Objective value: 3690.0
Running time: 0.22859716415405273
Number of vehicles: 20
Solution: 
0 196 123 62 102 126 55 154 168 84 0 
0 43 128 119 161 70 66 127 60 166 18 63 0 
0 35 42 120 130 150 182 155 108 112 146 0 
0 61 105 138 133 113 12 88 118 97 21 0 
0 73 26 20 152 64 1 50 98 52 53 0 
0 194 8 136 83 180 157 156 190 82 141 0 
0 23 147 175 36 198 145 192 13 41 22 0 
0 81 89 67 140 31 91 111 16 151 75 0 
0 125 87 100 37 38 170 103 57 32 137 160 163 0 
0 33 122 4 169 173 167 187 48 7 117 0 
0 45 178 85 11 28 193 131 177 200 95 0 
0 69 186 135 149 79 49 74 142 17 114 0 
0 195 71 174 134 90 56 171 40 93 189 0 
0 39 76 6 96 188 184 14 72 0 
0 104 164 58 5 19 34 86 9 116 132 0 
0 3 94 80 25 68 159 44 129 148 153 0 
0 191 101 106 47 10 29 181 183 24 172 0 
0 54 144 51 176 30 158 110 143 121 99 0 
0 124 15 115 107 139 78 92 27 59 199 0 
0 46 109 162 77 65 197 179 165 185 2 0 
