Objective value: 3950.0
Running time: 0.3571000099182129
Number of vehicles: 50
Solution: 
0 180 67 383 401 358 315 325 171 120 87 0 
0 449 80 404 58 155 472 251 36 499 257 0 
0 105 34 182 244 439 450 286 102 85 453 0 
0 227 123 18 200 156 167 359 140 51 39 0 
0 145 232 107 3 78 194 201 49 376 31 0 
0 106 500 250 223 435 75 355 220 350 402 0 
0 1 137 139 26 446 440 195 403 356 373 0 
0 143 292 14 30 199 90 5 407 311 122 0 
0 162 144 15 284 150 306 348 421 179 486 0 
0 256 339 464 233 498 351 74 414 295 132 0 
0 4 134 266 343 381 208 427 66 255 27 0 
0 240 153 436 164 347 221 241 238 131 40 0 
0 173 477 491 237 112 429 354 165 478 270 0 
0 285 389 110 198 485 342 43 178 35 468 0 
0 387 157 148 69 330 484 47 239 249 309 0 
0 297 366 222 216 304 213 108 258 64 117 0 
0 81 135 79 415 323 269 279 333 193 493 0 
0 360 191 473 372 305 68 370 277 6 398 23 0 
0 185 454 114 431 371 382 219 320 215 267 0 
0 86 328 204 445 247 141 42 465 115 487 0 
0 154 44 129 411 242 294 352 488 125 385 0 
0 163 353 405 57 365 317 224 127 361 189 0 
0 38 228 46 53 296 95 174 56 196 496 406 55 447 0 
0 289 301 146 24 207 480 229 392 364 375 0 
0 25 393 423 159 391 326 314 100 98 84 0 
0 133 94 336 273 374 282 260 424 149 495 0 
0 259 170 28 291 432 91 308 416 303 172 0 
0 434 272 11 397 271 99 45 225 130 263 0 
0 475 290 8 183 463 341 138 181 166 197 0 
0 59 322 281 334 186 190 10 457 60 319 0 
0 246 313 188 210 287 394 471 212 470 426 0 
0 136 89 147 152 390 92 0 
0 82 310 316 278 262 362 410 357 2 160 0 
0 109 128 321 378 482 327 425 274 217 395 0 
0 76 16 462 142 33 124 214 202 380 489 0 
0 121 176 300 96 19 13 61 62 268 226 0 
0 275 88 20 474 368 118 299 203 408 236 0 
0 276 7 307 458 396 280 386 337 379 243 0 
0 264 52 461 329 72 83 476 331 412 245 0 
0 345 17 497 48 63 420 438 466 41 21 0 
0 422 71 97 344 481 437 293 116 161 253 0 
0 441 288 335 187 494 448 29 283 452 113 0 
0 492 433 479 467 483 158 177 363 101 184 0 
0 192 65 456 367 298 451 169 318 459 206 0 
0 312 54 151 444 50 400 252 302 234 377 0 
0 388 254 443 442 469 417 168 409 218 103 0 
0 209 384 77 428 248 338 111 418 32 12 0 
0 332 349 346 460 419 265 399 70 9 340 0 
0 455 324 490 175 369 211 413 119 205 231 0 
0 22 73 261 104 93 37 126 235 230 430 0 
