Objective value: 4550.0
Running time: 0.2237546443939209
Number of vehicles: 10
Solution: 
0 47 143 72 190 104 153 109 117 151 68 180 147 185 149 113 154 42 83 111 192 0 
0 191 188 21 20 93 99 40 125 144 84 175 112 50 58 105 57 130 107 100 0 
0 39 13 167 141 103 155 101 63 66 158 79 152 177 134 4 64 67 96 129 37 74 0 
0 70 44 88 87 12 189 150 3 162 27 91 123 126 156 173 196 45 95 22 0 
0 157 75 92 183 145 186 2 139 138 199 182 193 194 148 164 14 171 18 34 15 0 
0 19 160 5 178 184 51 76 48 108 86 118 163 55 16 24 200 11 78 114 41 0 
0 61 127 30 97 106 17 179 62 82 133 33 54 90 161 9 81 43 98 65 120 28 10 0 
0 132 181 80 102 71 31 56 29 198 60 136 32 38 7 176 85 110 26 135 35 0 
0 89 36 159 8 128 140 52 166 1 165 73 146 115 6 142 119 174 124 77 53 0 
0 94 197 121 23 69 195 25 137 131 170 172 116 122 169 49 59 168 46 187 0 
